"","Vote 1","Vote 2","Vote 3","Vote 4","Vote 5","Vote 6","Vote 7","Vote 8","Vote 9","Vote 10","Vote 11","Vote 12","Vote 13","Vote 14","Vote 15","Vote 16","Vote 17","Vote 18","Vote 19","Vote 20","Vote 21","Vote 22","Vote 23","Vote 24","Vote 25","Vote 26","Vote 27","Vote 28","Vote 29","Vote 30","Vote 31","Vote 32","Vote 33","Vote 34","Vote 35","Vote 36","Vote 37","Vote 38","Vote 39","Vote 40","Vote 41","Vote 42","Vote 43","Vote 44","Vote 45","Vote 46","Vote 47","Vote 48","Vote 49","Vote 50","Vote 51","Vote 52","Vote 53","Vote 54","Vote 55","Vote 56","Vote 57","Vote 58","Vote 59","Vote 60","Vote 61","Vote 62","Vote 63","Vote 64","Vote 65","Vote 66","Vote 67","Vote 68","Vote 69","Vote 70","Vote 71","Vote 72","Vote 73","Vote 74","Vote 75","Vote 76","Vote 77","Vote 78","Vote 79","Vote 80","Vote 81","Vote 82","Vote 83","Vote 84","Vote 85","Vote 86","Vote 87","Vote 88","Vote 89","Vote 90","Vote 91","Vote 92","Vote 93","Vote 94","Vote 95","Vote 96","Vote 97","Vote 98","Vote 99","Vote 100","Vote 101","Vote 102","Vote 103","Vote 104","Vote 105","Vote 106","Vote 107","Vote 108","Vote 109","Vote 110","Vote 111","Vote 112","Vote 113","Vote 114","Vote 115","Vote 116","Vote 117","Vote 118","Vote 119","Vote 120","Vote 121","Vote 122","Vote 123","Vote 124","Vote 125","Vote 126","Vote 127","Vote 128","Vote 129","Vote 130","Vote 131","Vote 132","Vote 133","Vote 134","Vote 135","Vote 136","Vote 137","Vote 138","Vote 139","Vote 140","Vote 141","Vote 142","Vote 143","Vote 144","Vote 145","Vote 146","Vote 147","Vote 148","Vote 149","Vote 150","Vote 151","Vote 152","Vote 153","Vote 154","Vote 155","Vote 156","Vote 157","Vote 158","Vote 159","Vote 160","Vote 161","Vote 162","Vote 163","Vote 164","Vote 165","Vote 166","Vote 167","Vote 168","Vote 169","Vote 170","Vote 171","Vote 172","Vote 173","Vote 174","Vote 175","Vote 176","Vote 177","Vote 178","Vote 179","Vote 180","Vote 181","Vote 182","Vote 183","Vote 184","Vote 185","Vote 186","Vote 187","Vote 188","Vote 189","Vote 190","Vote 191","Vote 192","Vote 193","Vote 194","Vote 195","Vote 196","Vote 197","Vote 198","Vote 199","Vote 200","Vote 201","Vote 202","Vote 203","Vote 204","Vote 205","Vote 206","Vote 207","Vote 208","Vote 209","Vote 210","Vote 211","Vote 212","Vote 213","Vote 214","Vote 215","Vote 216","Vote 217","Vote 218","Vote 219","Vote 220","Vote 221","Vote 222","Vote 223","Vote 224","Vote 225","Vote 226","Vote 227","Vote 228","Vote 229","Vote 230","Vote 231","Vote 232","Vote 233","Vote 234","Vote 235","Vote 236","Vote 237","Vote 238","Vote 239","Vote 240","Vote 241","Vote 242","Vote 243","Vote 244","Vote 245","Vote 246","Vote 247","Vote 248","Vote 249","Vote 250","Vote 251","Vote 252","Vote 253","Vote 254","Vote 255","Vote 256","Vote 257","Vote 258","Vote 259","Vote 260","Vote 261","Vote 262","Vote 263","Vote 264","Vote 265","Vote 266","Vote 267","Vote 268","Vote 269","Vote 270","Vote 271","Vote 272","Vote 273","Vote 274","Vote 275","Vote 276","Vote 277","Vote 278","Vote 279","Vote 280","Vote 281","Vote 282","Vote 283","Vote 284","Vote 285","Vote 286","Vote 287","Vote 288","Vote 289","Vote 290","Vote 291","Vote 292","Vote 293","Vote 294","Vote 295","Vote 296","Vote 297","Vote 298","Vote 299","Vote 300","Vote 301","Vote 302","Vote 303","Vote 304","Vote 305","Vote 306","Vote 307","Vote 308","Vote 309","Vote 310","Vote 311","Vote 312","Vote 313","Vote 314","Vote 315","Vote 316","Vote 317","Vote 318","Vote 319","Vote 320","Vote 321","Vote 322","Vote 323","Vote 324","Vote 325","Vote 326","Vote 327","Vote 328","Vote 329","Vote 330","Vote 331","Vote 332","Vote 333","Vote 334","Vote 335","Vote 336","Vote 337","Vote 338","Vote 339","Vote 340","Vote 341","Vote 342","Vote 343","Vote 344","Vote 345","Vote 346","Vote 347","Vote 348","Vote 349"
"GARFIELD (R USA)",NA,NA,NA,NA,NA,NA,NA,NA,NA,NA,NA,NA,NA,NA,NA,NA,NA,NA,NA,NA,NA,NA,NA,NA,NA,NA,NA,NA,NA,NA,NA,NA,NA,NA,NA,NA,NA,NA,NA,NA,NA,NA,NA,NA,NA,NA,NA,NA,NA,NA,NA,NA,NA,NA,NA,NA,NA,NA,NA,NA,NA,NA,NA,NA,NA,NA,NA,NA,NA,NA,NA,NA,NA,NA,NA,NA,NA,NA,NA,NA,NA,NA,NA,NA,NA,NA,NA,NA,NA,NA,NA,NA,NA,NA,NA,NA,NA,NA,NA,NA,NA,NA,NA,NA,NA,NA,NA,NA,NA,NA,NA,NA,NA,NA,NA,NA,NA,NA,NA,NA,NA,NA,NA,NA,NA,NA,NA,NA,NA,NA,NA,NA,NA,NA,NA,NA,NA,NA,NA,NA,NA,NA,NA,NA,NA,NA,NA,NA,NA,NA,NA,NA,NA,NA,NA,NA,NA,NA,NA,NA,NA,NA,NA,NA,NA,NA,NA,NA,NA,NA,NA,NA,NA,NA,NA,NA,NA,NA,NA,NA,NA,NA,NA,NA,NA,NA,NA,NA,NA,NA,NA,NA,NA,NA,NA,NA,NA,NA,NA,NA,NA,NA,NA,NA,NA,NA,NA,NA,NA,NA,NA,NA,NA,NA,NA,NA,NA,NA,NA,NA,NA,NA,NA,NA,NA,NA,NA,NA,NA,NA,NA,NA,NA,NA,NA,NA,NA,NA,NA,NA,NA,NA,NA,NA,NA,NA,NA,NA,NA,NA,NA,NA,NA,NA,NA,NA,NA,NA,NA,NA,NA,NA,NA,NA,NA,NA,NA,NA,NA,NA,NA,NA,NA,NA,NA,NA,NA,NA,NA,NA,NA,NA,NA,NA,NA,NA,NA,NA,NA,NA,NA,NA,NA,NA,NA,NA,NA,NA,NA,NA,NA,NA,NA,NA,NA,NA,NA,NA,NA,NA,NA,NA,NA,NA,NA,NA,NA,NA,NA,NA,NA,NA,NA,NA,NA,NA,NA,NA,NA,NA,NA,NA,NA,NA,NA,NA,NA,NA,NA,NA,NA,NA,NA,NA,NA,NA,NA,NA,NA
"ARTHUR (R USA)",NA,NA,NA,NA,NA,NA,NA,NA,NA,NA,NA,NA,NA,NA,NA,NA,NA,NA,NA,NA,NA,NA,NA,NA,NA,NA,NA,NA,NA,NA,NA,NA,NA,NA,NA,NA,NA,NA,NA,NA,NA,NA,NA,NA,NA,NA,NA,NA,NA,1,NA,NA,NA,NA,NA,NA,NA,NA,NA,NA,NA,NA,NA,NA,NA,NA,NA,NA,NA,NA,NA,NA,0,NA,NA,NA,NA,NA,NA,NA,NA,NA,1,NA,NA,NA,NA,NA,NA,NA,NA,NA,NA,NA,NA,NA,NA,NA,NA,NA,NA,NA,NA,NA,NA,NA,NA,NA,NA,NA,NA,NA,NA,NA,NA,NA,NA,NA,NA,NA,NA,NA,NA,NA,NA,NA,NA,NA,NA,NA,NA,NA,NA,NA,NA,NA,NA,NA,NA,NA,NA,NA,NA,NA,NA,NA,NA,NA,NA,NA,NA,NA,NA,NA,NA,NA,NA,NA,NA,NA,NA,NA,NA,NA,NA,NA,NA,NA,NA,NA,NA,NA,NA,NA,NA,NA,NA,NA,NA,NA,NA,NA,NA,NA,NA,NA,NA,NA,NA,NA,NA,NA,NA,NA,NA,NA,NA,NA,NA,0,1,1,NA,NA,NA,NA,NA,NA,NA,NA,NA,NA,NA,NA,NA,NA,NA,NA,NA,NA,NA,NA,NA,NA,NA,NA,NA,NA,NA,NA,NA,NA,NA,NA,NA,NA,NA,NA,NA,NA,NA,NA,NA,NA,NA,NA,NA,NA,NA,NA,NA,NA,0,NA,NA,NA,NA,NA,NA,NA,NA,NA,NA,NA,NA,NA,NA,NA,NA,NA,NA,1,NA,NA,NA,NA,NA,NA,NA,NA,NA,NA,NA,NA,NA,NA,NA,NA,NA,NA,NA,NA,NA,NA,NA,NA,0,NA,NA,NA,1,NA,NA,NA,NA,NA,NA,NA,NA,NA,1,NA,1,NA,NA,NA,NA,NA,NA,NA,NA,NA,NA,NA,NA,NA,NA,NA,NA,NA,NA,NA,NA,NA,NA,NA,NA,1,NA,NA,NA,NA,NA,NA,NA,NA,NA,NA,NA
"HERNDON (D AL-1)",1,1,1,1,NA,1,0,NA,NA,NA,NA,NA,NA,NA,NA,NA,NA,1,0,1,1,0,1,0,NA,1,1,NA,NA,NA,NA,NA,1,NA,NA,NA,NA,NA,NA,NA,NA,NA,NA,NA,NA,NA,NA,NA,NA,NA,NA,NA,NA,NA,NA,0,NA,NA,NA,NA,NA,1,NA,0,0,1,1,1,NA,NA,NA,0,1,NA,NA,0,1,1,1,1,0,0,1,0,1,1,1,0,0,0,1,0,0,1,0,0,NA,NA,NA,NA,NA,1,0,1,1,0,1,0,NA,NA,NA,0,1,0,0,1,1,1,1,0,0,NA,NA,NA,NA,NA,NA,NA,NA,NA,NA,NA,NA,NA,NA,NA,NA,NA,NA,NA,NA,NA,NA,NA,NA,NA,NA,NA,NA,NA,NA,NA,NA,NA,NA,NA,NA,NA,NA,NA,NA,NA,NA,NA,NA,NA,NA,NA,NA,NA,NA,NA,1,NA,NA,1,NA,NA,0,NA,NA,NA,1,NA,0,1,0,0,1,1,0,1,NA,NA,1,NA,NA,NA,NA,NA,NA,NA,NA,NA,NA,NA,NA,NA,NA,NA,NA,NA,NA,NA,NA,NA,NA,NA,NA,NA,NA,NA,NA,NA,NA,NA,NA,1,1,NA,NA,NA,NA,NA,NA,NA,1,1,NA,0,NA,1,NA,1,0,0,NA,0,NA,1,NA,NA,NA,NA,NA,NA,NA,NA,NA,NA,NA,NA,NA,NA,NA,NA,NA,NA,NA,NA,NA,NA,NA,NA,NA,NA,NA,NA,NA,NA,NA,NA,NA,NA,NA,NA,NA,NA,NA,NA,NA,NA,NA,NA,NA,NA,NA,NA,NA,NA,NA,NA,NA,NA,NA,NA,NA,NA,NA,NA,NA,NA,NA,NA,NA,NA,NA,NA,NA,NA,NA,NA,NA,NA,NA,NA,NA,NA,NA,NA,NA,NA,NA,NA,NA,NA,NA,NA,NA,NA,NA,NA,NA,NA,NA,NA,NA,NA,NA
"HERBERT (D AL-2)",1,1,1,1,0,1,0,1,1,0,1,1,0,1,1,0,1,NA,0,1,0,0,NA,0,1,0,1,0,0,1,NA,0,1,NA,0,1,1,1,1,0,NA,0,1,0,0,1,1,1,0,1,0,0,1,1,0,0,1,0,1,1,NA,1,1,0,NA,NA,NA,NA,NA,NA,NA,NA,NA,NA,NA,0,NA,1,1,1,0,0,1,0,NA,0,1,0,0,0,1,0,0,1,0,0,0,NA,1,1,1,1,0,1,0,0,1,NA,NA,NA,NA,NA,NA,NA,NA,NA,NA,NA,NA,NA,NA,NA,NA,NA,NA,NA,NA,NA,NA,NA,NA,NA,NA,NA,NA,1,NA,NA,NA,NA,NA,NA,NA,NA,NA,NA,NA,NA,NA,NA,NA,1,NA,NA,NA,NA,NA,NA,NA,NA,NA,NA,NA,NA,NA,NA,NA,NA,NA,NA,NA,NA,NA,NA,NA,1,NA,NA,0,NA,NA,NA,1,NA,0,1,1,0,NA,NA,NA,NA,NA,NA,1,NA,NA,1,1,1,1,0,NA,NA,NA,NA,NA,NA,NA,NA,NA,NA,NA,NA,NA,NA,NA,NA,NA,NA,NA,NA,NA,NA,NA,NA,NA,NA,NA,NA,NA,NA,NA,NA,NA,NA,NA,NA,NA,NA,NA,NA,NA,NA,NA,NA,NA,NA,NA,1,1,1,1,1,1,1,1,1,0,1,0,1,1,0,0,1,1,0,1,1,1,1,NA,1,NA,1,1,0,1,1,1,1,1,1,NA,NA,NA,1,NA,1,1,1,0,1,0,0,1,NA,0,0,0,0,0,1,1,1,1,0,1,1,0,NA,0,NA,1,0,0,0,1,0,0,0,0,NA,NA,0,0,0,1,1,1,0,0,0,0,0,1,0,0,NA,NA,NA,1,NA,NA,NA,NA,NA,NA
"OATES (D AL-3)",1,1,NA,1,NA,1,0,0,0,0,0,0,0,1,1,0,1,0,0,1,1,0,1,0,0,1,1,0,0,0,1,0,1,NA,0,1,1,1,1,0,NA,0,1,0,0,1,1,1,0,1,1,0,NA,1,NA,NA,NA,NA,NA,NA,NA,NA,NA,NA,NA,NA,NA,NA,NA,NA,NA,NA,NA,NA,NA,NA,NA,NA,NA,1,0,0,1,0,1,NA,NA,0,0,NA,NA,0,0,1,NA,0,0,1,NA,NA,NA,1,0,1,1,1,1,NA,NA,NA,NA,0,1,0,0,0,1,1,NA,0,0,1,1,0,NA,NA,NA,NA,NA,NA,NA,1,NA,NA,NA,1,NA,NA,NA,NA,NA,NA,NA,NA,NA,NA,NA,NA,NA,NA,NA,1,NA,NA,NA,NA,NA,NA,NA,NA,NA,NA,NA,NA,NA,NA,NA,NA,NA,NA,NA,NA,NA,NA,NA,NA,NA,NA,NA,NA,NA,NA,1,NA,0,1,1,0,1,1,0,1,NA,NA,1,0,0,1,1,1,1,NA,0,0,NA,1,0,1,0,NA,0,NA,NA,NA,NA,NA,NA,NA,NA,NA,NA,NA,NA,NA,1,NA,1,NA,1,0,0,1,0,1,1,NA,1,1,1,0,0,1,0,1,1,0,0,0,0,1,NA,NA,1,1,1,1,1,1,0,1,0,1,1,1,0,1,1,0,1,1,1,0,1,1,NA,1,1,0,1,NA,NA,1,1,1,NA,1,0,1,1,1,NA,NA,NA,1,0,0,1,1,0,NA,NA,0,0,1,1,1,1,0,NA,NA,0,1,0,0,0,0,0,0,0,0,0,0,0,NA,NA,0,0,0,1,1,1,NA,NA,NA,NA,NA,NA,NA,NA,NA,NA,NA,NA,NA,NA,NA,NA,NA,NA
"SHELLEY (D AL-4)",1,1,1,1,NA,0,0,1,0,NA,0,0,1,1,1,1,1,0,0,1,1,0,1,0,1,0,1,0,0,1,1,1,1,NA,0,0,1,0,1,0,1,NA,NA,NA,0,NA,NA,1,0,NA,NA,NA,NA,NA,NA,NA,NA,0,NA,NA,NA,1,1,0,NA,NA,NA,NA,NA,NA,NA,NA,NA,NA,NA,1,NA,NA,NA,NA,1,1,1,0,NA,NA,NA,0,0,0,1,NA,0,1,0,0,NA,NA,NA,NA,NA,0,1,NA,NA,NA,NA,NA,NA,NA,NA,0,0,0,0,1,NA,0,0,0,0,1,1,0,1,0,NA,0,1,NA,NA,1,NA,NA,NA,1,NA,NA,NA,NA,NA,NA,NA,NA,NA,NA,NA,NA,NA,NA,NA,1,NA,NA,NA,NA,NA,NA,NA,NA,NA,NA,NA,NA,NA,NA,NA,NA,NA,NA,NA,NA,NA,NA,NA,NA,NA,NA,NA,NA,NA,NA,NA,NA,NA,NA,NA,NA,NA,NA,NA,NA,NA,NA,1,NA,NA,1,NA,NA,1,0,NA,1,0,0,1,1,NA,NA,0,NA,NA,NA,NA,NA,NA,NA,NA,NA,NA,NA,NA,NA,NA,NA,NA,NA,NA,NA,NA,NA,NA,NA,NA,NA,NA,NA,NA,NA,NA,NA,NA,NA,NA,NA,NA,NA,NA,1,NA,NA,NA,NA,NA,1,1,1,NA,1,0,1,1,1,NA,NA,NA,NA,NA,NA,NA,NA,NA,NA,NA,NA,NA,NA,NA,0,1,1,NA,NA,NA,NA,NA,NA,NA,NA,0,1,1,1,0,1,1,0,NA,NA,NA,NA,NA,NA,NA,NA,NA,0,1,1,0,1,1,NA,NA,NA,NA,0,1,0,NA,NA,NA,NA,NA,0,0,NA,NA,NA,NA,1,1,NA,NA,NA,NA,1,0,NA,NA,NA,NA,NA,NA,NA,NA,NA,NA
"WILLIAMS (D AL-5)",1,1,1,1,NA,0,0,0,0,0,1,0,0,1,1,0,1,1,0,1,NA,NA,1,0,0,0,NA,0,0,1,1,0,1,NA,0,1,1,1,1,NA,NA,0,1,0,0,NA,NA,1,0,1,1,NA,1,1,0,1,1,0,1,1,NA,1,1,0,NA,0,1,1,NA,NA,0,0,1,1,1,0,1,1,1,1,0,0,1,0,1,0,1,NA,0,0,1,0,0,1,NA,0,0,1,1,1,1,1,0,1,1,1,1,0,NA,NA,NA,0,1,0,1,1,1,1,1,0,0,1,1,0,1,0,1,1,0,NA,NA,1,NA,NA,NA,1,NA,NA,NA,NA,NA,NA,NA,NA,NA,NA,NA,NA,NA,NA,NA,1,NA,NA,NA,NA,NA,NA,NA,NA,NA,NA,NA,NA,NA,NA,NA,NA,NA,NA,NA,NA,1,NA,NA,1,NA,NA,0,NA,NA,NA,1,NA,0,1,1,NA,1,1,0,1,NA,0,1,NA,NA,1,1,1,1,0,1,NA,NA,1,0,0,NA,1,0,NA,NA,NA,NA,NA,NA,NA,NA,NA,NA,NA,NA,NA,1,NA,0,1,1,0,0,1,0,1,1,0,1,1,1,0,1,1,NA,1,NA,NA,NA,NA,NA,1,1,1,1,1,1,1,1,1,1,0,0,1,0,NA,1,1,1,0,NA,1,1,0,NA,1,1,1,1,0,1,NA,NA,NA,NA,NA,1,1,0,1,1,NA,NA,1,NA,NA,NA,NA,NA,NA,NA,NA,NA,NA,NA,NA,NA,NA,1,0,NA,NA,0,0,0,NA,NA,NA,0,NA,1,0,0,0,0,NA,NA,0,0,0,1,1,1,0,NA,NA,NA,NA,1,0,NA,NA,NA,NA,NA,NA,NA,NA,NA,NA,NA
"HEWITT (D AL-6)",1,1,1,1,NA,0,0,0,0,0,1,0,0,1,1,0,1,NA,0,1,1,0,1,0,0,1,1,0,0,1,1,0,0,NA,0,1,1,1,1,0,1,1,NA,0,0,1,1,1,0,1,1,0,1,1,0,1,1,0,1,1,1,1,1,1,0,1,1,1,NA,NA,1,0,NA,0,1,0,1,1,1,1,0,0,1,0,NA,NA,NA,0,0,0,1,0,0,1,0,0,NA,1,1,1,1,NA,1,1,1,1,1,0,NA,NA,NA,0,1,0,0,1,1,1,1,0,0,1,1,0,1,0,1,0,0,NA,NA,1,NA,NA,NA,1,NA,NA,NA,NA,NA,NA,NA,NA,NA,NA,NA,NA,NA,NA,NA,NA,NA,NA,NA,NA,NA,NA,NA,NA,NA,NA,NA,NA,NA,NA,NA,NA,NA,NA,NA,NA,1,NA,NA,1,NA,NA,0,NA,NA,NA,1,NA,0,NA,1,0,1,1,0,1,1,0,1,0,0,1,1,1,1,0,0,0,0,1,0,0,NA,NA,NA,NA,NA,NA,NA,NA,NA,NA,NA,NA,NA,NA,NA,NA,NA,NA,NA,NA,NA,NA,NA,NA,NA,NA,NA,NA,NA,NA,NA,NA,NA,NA,NA,NA,NA,NA,NA,NA,NA,1,1,1,0,1,0,1,1,1,0,1,1,1,1,0,NA,NA,NA,0,1,NA,1,1,1,1,1,1,1,0,1,1,0,1,0,1,NA,1,0,1,NA,1,1,NA,NA,1,0,0,1,1,0,0,0,NA,0,1,1,0,NA,0,1,1,0,1,1,1,1,0,0,0,0,0,0,0,0,NA,NA,0,0,0,1,1,1,0,0,0,0,NA,1,NA,0,NA,NA,NA,NA,NA,NA,NA,NA,NA,NA
"FORNEY (D AL-7)",1,1,1,1,NA,NA,0,0,0,0,0,0,1,0,1,0,1,0,0,1,1,0,1,0,0,1,1,0,0,1,1,0,1,NA,0,1,1,1,1,0,1,0,1,NA,0,1,1,1,0,1,1,0,1,1,NA,NA,NA,NA,NA,NA,NA,NA,NA,NA,0,0,1,1,NA,NA,0,0,1,1,1,0,1,1,1,1,0,0,1,0,NA,0,1,0,0,0,1,0,0,1,0,0,0,NA,NA,1,1,1,0,1,1,1,1,0,NA,NA,NA,0,1,0,0,1,1,1,1,0,0,1,1,0,1,0,1,1,0,NA,NA,1,NA,NA,NA,1,NA,NA,NA,NA,NA,NA,NA,NA,NA,NA,NA,NA,NA,NA,NA,1,NA,NA,NA,NA,NA,NA,NA,NA,NA,NA,NA,NA,NA,NA,NA,NA,NA,NA,NA,NA,1,NA,NA,1,NA,NA,0,NA,NA,NA,1,NA,0,1,1,1,NA,NA,NA,NA,NA,NA,1,0,0,1,1,1,1,0,0,0,0,1,0,NA,1,1,0,0,NA,NA,NA,NA,1,NA,NA,NA,NA,NA,NA,NA,1,NA,0,1,1,NA,0,NA,NA,1,1,0,1,1,0,0,1,1,0,1,1,0,0,0,0,1,1,1,1,1,1,1,1,1,1,0,0,1,1,1,1,1,0,0,1,1,1,0,1,1,1,1,1,0,1,1,1,1,1,1,1,1,0,1,1,1,1,1,0,1,0,0,1,1,0,1,0,0,0,1,1,1,1,0,1,1,0,0,0,1,1,NA,0,0,1,0,0,0,0,NA,NA,0,0,0,1,1,1,0,0,0,0,NA,1,0,0,NA,NA,NA,0,NA,NA,NA,NA,NA,NA
"WHEELER (D AL-8)",1,1,1,1,NA,NA,0,1,0,0,NA,0,NA,1,1,NA,NA,0,NA,1,1,NA,1,0,NA,NA,1,0,NA,NA,NA,0,NA,NA,0,1,1,1,1,0,1,NA,1,0,NA,1,1,1,0,NA,1,NA,1,1,NA,NA,NA,NA,NA,NA,NA,1,0,1,NA,NA,NA,NA,NA,0,NA,NA,NA,NA,NA,NA,NA,NA,NA,NA,NA,NA,1,NA,NA,1,1,0,NA,0,1,0,1,1,0,NA,NA,NA,NA,1,NA,NA,NA,NA,NA,1,NA,NA,NA,NA,NA,0,1,NA,NA,1,1,1,NA,NA,NA,NA,1,NA,NA,NA,NA,NA,NA,NA,NA,1,NA,NA,NA,1,NA,NA,NA,NA,NA,NA,NA,NA,NA,NA,NA,NA,NA,NA,NA,1,NA,NA,NA,NA,NA,NA,NA,NA,NA,NA,NA,NA,NA,NA,NA,NA,NA,NA,NA,NA,1,NA,NA,1,NA,NA,NA,NA,NA,NA,NA,NA,NA,NA,NA,NA,NA,NA,NA,NA,NA,NA,NA,NA,NA,NA,NA,NA,NA,NA,NA,NA,NA,NA,NA,NA,NA,NA,NA,NA,NA,NA,NA,NA,NA,NA,NA,NA,NA,NA,NA,NA,NA,NA,NA,NA,NA,NA,NA,NA,NA,NA,NA,NA,NA,NA,NA,NA,NA,NA,NA,NA,NA,NA,NA,NA,NA,NA,NA,NA,NA,NA,NA,NA,NA,NA,NA,NA,NA,NA,NA,NA,NA,NA,NA,NA,NA,NA,NA,NA,NA,NA,NA,NA,NA,NA,NA,NA,NA,NA,NA,NA,NA,NA,NA,1,1,1,0,1,0,1,0,0,1,1,0,0,0,0,0,1,1,1,1,0,1,1,0,1,0,0,1,0,0,0,1,0,0,0,0,NA,NA,0,0,0,1,1,1,0,0,0,0,0,1,0,0,NA,NA,NA,0,NA,NA,NA,NA,1,NA
"LOWE (National Greenbacker AL-8)",NA,NA,NA,NA,NA,NA,NA,NA,NA,NA,NA,NA,NA,NA,NA,NA,NA,NA,NA,NA,NA,NA,NA,NA,NA,NA,NA,NA,NA,NA,NA,NA,NA,NA,NA,NA,NA,NA,NA,NA,NA,NA,NA,NA,NA,NA,NA,NA,NA,NA,NA,NA,NA,NA,NA,NA,NA,NA,NA,NA,NA,NA,NA,NA,NA,NA,NA,NA,NA,NA,NA,NA,NA,NA,NA,NA,NA,NA,NA,NA,NA,NA,NA,NA,NA,NA,NA,NA,NA,NA,NA,NA,NA,NA,NA,NA,NA,NA,NA,NA,NA,NA,NA,NA,NA,NA,NA,NA,NA,NA,NA,NA,NA,NA,NA,NA,NA,NA,NA,NA,NA,NA,NA,NA,NA,NA,NA,NA,NA,NA,NA,NA,NA,NA,NA,NA,NA,NA,NA,NA,NA,NA,NA,NA,NA,NA,NA,NA,NA,NA,NA,NA,NA,NA,NA,NA,NA,NA,NA,NA,NA,NA,NA,NA,NA,NA,NA,NA,NA,NA,NA,NA,NA,NA,NA,NA,NA,NA,NA,NA,NA,NA,NA,NA,1,1,1,NA,0,0,1,NA,NA,NA,NA,NA,NA,NA,NA,NA,NA,NA,NA,NA,NA,NA,NA,0,NA,NA,NA,NA,NA,NA,NA,NA,NA,NA,NA,NA,NA,NA,NA,NA,NA,NA,NA,NA,NA,NA,NA,NA,NA,NA,NA,NA,NA,NA,NA,NA,NA,NA,NA,NA,NA,NA,NA,NA,NA,NA,NA,NA,NA,NA,NA,NA,NA,NA,NA,NA,NA,NA,NA,NA,NA,NA,NA,NA,NA,NA,NA,NA,NA,NA,NA,NA,NA,NA,NA,NA,NA,NA,NA,NA,NA,NA,NA,NA,NA,NA,NA,NA,NA,NA,NA,NA,NA,NA,NA,NA,NA,NA,NA,NA,NA,NA,NA,NA,NA,NA,NA,NA,NA,NA,NA,NA,NA,NA,NA,NA,NA,NA,NA,NA,NA,NA,NA,NA,NA,NA,NA,NA,NA,NA,NA,NA,NA,NA,NA,NA,NA,NA,NA,NA,NA,NA,NA,NA,NA
"DUNN (D AR-1)",1,1,1,NA,NA,NA,0,1,0,0,NA,0,NA,NA,1,0,1,NA,NA,0,1,NA,NA,NA,NA,1,NA,NA,NA,NA,NA,NA,NA,NA,NA,NA,NA,NA,NA,NA,NA,1,NA,NA,NA,NA,NA,NA,NA,NA,NA,NA,NA,1,0,1,1,0,1,NA,NA,NA,NA,NA,NA,NA,NA,NA,NA,NA,NA,NA,NA,NA,NA,0,0,1,1,1,0,0,NA,0,1,0,1,0,0,0,1,0,NA,1,NA,NA,0,0,1,1,1,1,0,1,1,1,1,0,0,0,NA,0,NA,0,NA,1,NA,0,1,0,NA,1,NA,0,1,0,NA,NA,0,NA,NA,1,NA,NA,NA,1,NA,NA,NA,NA,NA,NA,NA,NA,NA,NA,NA,NA,NA,NA,NA,NA,NA,NA,NA,NA,NA,NA,NA,NA,NA,NA,NA,NA,NA,NA,NA,NA,NA,NA,NA,NA,1,NA,NA,NA,NA,NA,0,NA,NA,NA,1,NA,0,1,1,1,NA,NA,1,1,0,1,1,0,NA,NA,1,0,NA,NA,NA,NA,NA,NA,NA,0,1,1,0,NA,NA,NA,NA,NA,NA,NA,NA,NA,NA,NA,NA,NA,NA,NA,1,1,1,0,0,1,0,1,1,0,1,1,1,0,1,NA,0,1,1,0,NA,NA,NA,1,0,0,1,1,1,1,0,1,0,1,0,1,1,1,0,1,0,0,1,1,1,0,NA,NA,NA,NA,1,0,1,1,1,1,NA,1,1,1,NA,1,1,1,1,NA,NA,1,0,0,1,0,1,NA,1,0,0,NA,1,1,1,0,1,0,0,0,0,NA,1,0,0,0,1,0,0,0,0,NA,NA,0,0,0,1,1,1,0,0,0,0,0,1,0,0,NA,NA,NA,NA,NA,NA,NA,NA,NA,NA
"JONES (D AR-2)",1,1,1,NA,NA,1,0,0,0,0,1,0,0,0,1,1,1,1,0,0,1,0,1,1,0,0,1,1,0,1,1,0,1,NA,0,1,1,1,1,0,0,0,1,0,0,1,1,1,0,0,1,0,1,1,0,1,1,0,1,1,1,1,0,1,0,0,1,1,NA,NA,0,0,1,1,1,0,0,1,1,1,0,0,1,0,1,1,1,0,0,NA,1,0,0,1,NA,NA,0,1,1,1,1,1,0,1,0,1,0,1,NA,NA,NA,0,1,0,0,1,1,1,1,0,0,1,1,0,1,0,1,1,0,NA,NA,1,NA,NA,NA,1,NA,NA,NA,NA,NA,NA,NA,NA,NA,NA,NA,NA,NA,NA,NA,1,NA,NA,NA,NA,NA,NA,NA,NA,NA,NA,NA,NA,NA,NA,NA,NA,NA,NA,NA,NA,1,NA,NA,NA,NA,NA,0,NA,NA,NA,1,NA,0,1,1,0,NA,NA,NA,1,NA,NA,1,0,0,1,1,1,NA,0,0,0,0,NA,NA,NA,NA,NA,NA,0,NA,NA,NA,NA,0,NA,NA,NA,NA,NA,NA,NA,NA,NA,NA,NA,NA,0,0,1,0,1,1,1,1,1,NA,0,0,1,0,1,0,1,NA,NA,NA,1,1,1,1,1,1,1,1,1,1,0,NA,1,1,1,NA,1,0,0,NA,NA,NA,NA,NA,NA,NA,NA,NA,NA,NA,NA,NA,NA,NA,NA,NA,NA,NA,NA,NA,1,NA,NA,NA,1,0,1,0,0,0,0,0,0,0,1,1,1,1,0,1,0,0,0,0,0,1,NA,0,0,1,0,0,0,0,NA,NA,0,0,0,1,1,1,0,0,0,0,0,1,0,NA,NA,NA,NA,NA,NA,NA,NA,NA,NA,NA
"CRAVENS (D AR-3)",1,1,1,1,NA,1,0,0,0,0,0,0,1,1,NA,1,1,1,0,0,1,0,0,0,1,1,1,0,NA,NA,1,0,1,NA,0,1,1,1,NA,0,1,0,1,0,0,1,1,1,0,1,0,0,1,1,0,1,1,0,1,1,NA,1,1,0,0,1,1,1,NA,NA,0,0,1,1,1,0,1,1,1,1,NA,0,1,0,1,1,1,0,0,0,1,0,0,1,NA,NA,0,1,1,1,1,1,0,1,0,1,1,1,NA,NA,NA,0,1,1,0,1,1,1,1,0,0,1,1,0,1,0,1,0,0,NA,NA,1,NA,NA,NA,1,NA,NA,NA,NA,NA,NA,NA,NA,NA,NA,NA,NA,NA,NA,NA,1,NA,NA,NA,NA,NA,NA,NA,NA,NA,NA,NA,NA,NA,NA,NA,NA,NA,NA,NA,NA,1,NA,NA,1,NA,NA,0,NA,NA,NA,1,NA,0,1,1,1,1,1,0,1,1,0,1,0,0,1,1,1,NA,0,1,0,1,1,0,0,1,1,1,0,NA,NA,NA,NA,1,NA,NA,NA,NA,NA,NA,NA,1,NA,1,1,1,0,0,1,0,1,1,1,1,1,0,0,0,1,0,1,1,0,0,0,0,1,1,1,1,1,1,1,1,1,1,0,0,1,0,1,1,1,0,NA,1,1,1,1,1,1,0,1,1,0,1,1,1,1,1,1,1,1,0,1,1,1,0,1,1,1,0,0,1,0,0,1,0,0,0,1,1,1,1,0,1,0,0,0,0,1,1,0,0,0,1,0,0,0,0,NA,NA,0,0,0,1,1,1,0,0,0,0,0,1,NA,0,NA,NA,NA,0,NA,NA,NA,NA,NA,NA
"GUNTER (D AR-4)",1,1,1,1,NA,0,0,0,0,NA,1,1,1,0,NA,0,1,0,0,0,1,0,1,NA,NA,1,1,0,0,1,1,0,1,NA,0,1,1,1,1,NA,1,0,1,0,0,0,1,1,0,1,1,0,0,1,0,1,1,0,1,1,1,1,1,0,0,0,1,NA,NA,0,0,0,1,NA,NA,0,1,1,1,1,0,0,1,0,1,1,1,0,1,0,0,0,0,1,NA,0,0,1,1,NA,NA,1,0,1,1,1,1,0,NA,NA,NA,0,1,0,1,1,NA,1,1,0,0,1,1,0,1,0,1,1,0,NA,NA,1,NA,NA,NA,NA,NA,NA,NA,NA,NA,NA,NA,NA,NA,NA,NA,NA,NA,NA,NA,1,NA,NA,NA,NA,NA,NA,NA,NA,NA,NA,NA,NA,NA,NA,NA,NA,NA,NA,NA,NA,1,NA,NA,1,NA,NA,0,NA,NA,NA,NA,NA,0,1,1,0,1,NA,0,1,0,0,1,0,0,1,1,0,1,0,1,0,0,NA,0,NA,1,1,0,0,NA,NA,NA,NA,NA,NA,NA,NA,NA,NA,NA,NA,NA,NA,0,1,1,0,0,1,0,1,1,1,1,NA,1,0,0,1,0,1,0,1,0,0,0,1,1,1,NA,NA,NA,1,1,1,0,0,1,1,0,1,1,NA,NA,0,1,1,1,1,NA,NA,1,1,1,0,1,1,1,1,NA,NA,NA,1,0,1,0,1,NA,1,NA,1,0,0,1,NA,0,1,NA,NA,NA,1,1,1,1,NA,NA,NA,NA,1,0,0,NA,NA,0,0,1,0,0,0,0,NA,NA,0,0,NA,1,1,NA,0,NA,0,0,0,1,0,0,NA,NA,NA,NA,NA,NA,NA,NA,NA,NA
"ROSECRANS (D CA-1)",1,1,NA,0,1,1,0,0,0,0,NA,1,1,1,1,NA,1,0,NA,1,0,1,1,0,1,0,NA,0,0,1,1,0,1,NA,0,1,1,1,1,NA,1,0,1,0,0,NA,NA,1,0,1,1,NA,NA,1,0,1,1,0,1,1,1,NA,0,1,NA,NA,NA,NA,NA,NA,NA,0,1,NA,NA,0,1,1,1,1,0,0,1,NA,NA,NA,NA,NA,NA,NA,NA,NA,NA,NA,NA,NA,0,1,1,1,NA,NA,NA,NA,NA,NA,NA,1,NA,NA,NA,NA,1,1,NA,NA,NA,1,NA,NA,NA,NA,NA,NA,NA,NA,NA,NA,NA,NA,NA,1,NA,NA,NA,1,NA,NA,NA,NA,NA,NA,NA,NA,NA,NA,NA,NA,NA,NA,NA,NA,NA,NA,NA,NA,NA,NA,NA,NA,NA,NA,NA,NA,NA,NA,NA,NA,NA,NA,NA,NA,NA,NA,NA,NA,NA,NA,NA,NA,NA,NA,NA,NA,NA,NA,NA,NA,NA,NA,NA,NA,NA,NA,NA,0,1,1,NA,NA,1,0,1,0,NA,1,0,0,NA,NA,NA,0,NA,NA,NA,NA,NA,NA,NA,NA,NA,NA,NA,NA,1,NA,0,1,1,0,0,1,0,0,1,0,1,1,1,0,NA,1,NA,1,1,NA,1,NA,NA,1,NA,1,NA,1,0,NA,NA,NA,0,1,0,1,1,1,NA,1,1,NA,1,1,1,1,NA,1,0,0,1,NA,NA,0,0,NA,NA,NA,1,NA,NA,1,1,1,NA,1,1,NA,1,0,1,1,0,1,1,0,0,NA,NA,1,1,NA,NA,NA,1,1,0,1,1,0,0,0,1,0,0,0,0,NA,NA,0,0,0,1,1,1,1,0,0,0,NA,1,0,0,NA,NA,NA,0,NA,NA,NA,NA,NA,NA
"PAGE (R CA-2)",1,1,0,0,NA,1,1,1,0,0,1,0,1,1,1,NA,NA,NA,1,0,1,0,0,1,1,0,NA,NA,1,0,0,1,NA,1,NA,NA,NA,NA,NA,NA,NA,1,0,NA,1,1,1,1,NA,NA,NA,NA,NA,0,1,NA,NA,1,0,NA,NA,0,0,1,NA,NA,NA,0,NA,NA,1,0,1,0,0,NA,NA,1,NA,NA,1,1,1,1,0,1,0,NA,NA,1,NA,1,1,0,1,1,1,NA,NA,NA,0,0,1,0,0,1,NA,1,1,NA,NA,1,1,0,NA,NA,NA,0,0,NA,NA,NA,0,NA,NA,NA,NA,NA,NA,1,NA,0,1,1,1,0,1,0,0,1,0,0,0,NA,0,0,0,0,0,0,0,0,0,0,0,0,1,NA,0,0,0,0,0,NA,NA,0,1,0,1,1,NA,1,0,1,NA,0,1,1,1,1,1,0,0,1,NA,0,1,1,0,0,1,NA,0,1,1,1,NA,1,0,0,NA,0,1,1,NA,0,1,0,1,0,NA,NA,NA,1,1,NA,0,1,1,1,1,1,1,1,0,1,1,NA,NA,NA,NA,1,1,1,1,NA,1,1,1,NA,NA,0,0,1,NA,NA,1,NA,1,0,1,1,NA,NA,NA,0,NA,1,0,1,1,NA,1,NA,0,1,NA,1,NA,1,NA,NA,1,0,0,0,0,1,0,0,0,1,0,0,1,NA,1,1,0,1,1,NA,1,0,1,1,0,0,1,1,1,1,1,0,0,NA,0,NA,0,1,1,1,NA,0,1,1,NA,NA,0,1,1,NA,NA,1,1,1,1,1,1,1,1,1,1,NA,1,1,0,1,1,1,1,1,NA,1,NA,NA,NA,NA,1
"BERRY (D CA-3)",1,1,1,1,NA,NA,0,0,NA,NA,0,NA,0,NA,NA,0,1,1,0,1,1,NA,NA,0,0,0,1,0,0,1,1,0,1,NA,0,1,1,1,1,0,NA,0,NA,NA,0,NA,NA,NA,0,1,NA,0,1,NA,NA,NA,NA,1,NA,NA,NA,0,0,1,NA,0,NA,NA,NA,NA,1,0,1,1,1,0,NA,1,1,1,0,0,1,NA,NA,NA,NA,NA,NA,0,1,0,0,1,0,NA,0,NA,1,NA,NA,1,0,1,1,1,NA,1,NA,NA,NA,0,1,0,NA,NA,NA,1,1,0,0,1,NA,NA,NA,NA,NA,NA,NA,NA,NA,1,NA,NA,NA,1,NA,NA,NA,NA,NA,NA,NA,NA,NA,NA,NA,NA,NA,NA,NA,1,NA,NA,NA,NA,NA,NA,NA,NA,NA,NA,NA,NA,NA,NA,NA,NA,NA,NA,NA,NA,1,NA,NA,1,NA,NA,0,NA,NA,NA,1,NA,0,1,1,0,1,NA,1,1,NA,1,NA,NA,NA,1,1,1,NA,0,0,0,0,1,0,0,NA,1,NA,0,NA,NA,NA,NA,NA,NA,NA,NA,NA,NA,NA,NA,NA,NA,0,1,1,0,0,1,0,0,0,0,0,0,1,0,NA,1,0,NA,1,NA,0,0,1,NA,NA,1,1,1,1,1,1,NA,1,0,1,0,0,1,1,NA,0,0,1,1,1,1,NA,1,1,1,1,0,1,1,1,1,1,1,1,NA,0,1,NA,1,NA,1,0,1,0,0,1,1,0,0,0,0,0,1,1,NA,1,NA,1,0,0,0,0,NA,1,NA,0,0,1,0,0,0,0,NA,NA,0,0,0,0,0,0,0,0,0,0,NA,1,0,0,NA,NA,NA,1,NA,NA,NA,NA,NA,NA
"PACHECO (R CA-4)",1,1,0,0,1,NA,1,1,NA,1,1,1,1,1,NA,1,0,0,NA,NA,1,1,NA,1,1,0,NA,1,1,0,NA,1,0,1,1,0,0,0,NA,NA,NA,NA,NA,NA,NA,NA,NA,NA,NA,NA,NA,NA,1,0,NA,NA,NA,NA,0,NA,NA,0,0,1,NA,1,0,0,1,NA,1,0,1,NA,NA,1,NA,NA,NA,0,1,NA,1,1,0,NA,NA,NA,NA,1,0,1,1,0,1,1,1,NA,NA,NA,NA,0,1,0,NA,NA,NA,1,NA,1,1,NA,1,1,1,1,NA,NA,NA,NA,NA,NA,NA,NA,NA,NA,NA,NA,NA,1,1,0,1,1,1,0,1,0,0,1,0,0,NA,NA,0,0,0,0,0,NA,0,0,NA,0,0,NA,1,0,0,0,0,0,0,1,NA,0,1,0,1,1,0,1,0,1,1,0,1,1,1,1,1,1,0,1,1,NA,1,1,NA,NA,1,NA,NA,1,1,NA,1,1,NA,0,NA,NA,NA,NA,NA,0,1,1,1,NA,NA,1,1,1,1,1,0,1,1,1,1,1,1,1,0,1,NA,NA,0,NA,NA,NA,NA,NA,NA,NA,1,1,NA,NA,NA,NA,NA,1,NA,NA,NA,NA,NA,NA,NA,NA,NA,NA,NA,NA,NA,NA,NA,NA,NA,NA,NA,NA,NA,NA,NA,NA,NA,NA,NA,NA,NA,NA,NA,NA,NA,NA,NA,NA,NA,NA,NA,NA,NA,NA,NA,NA,NA,NA,NA,NA,NA,NA,NA,NA,NA,NA,NA,NA,NA,NA,NA,NA,NA,NA,NA,NA,NA,NA,NA,NA,NA,NA,NA,NA,NA,NA,NA,NA,NA,NA,NA,NA,NA,NA,NA,NA,NA,NA,NA,NA,1,1,NA,NA,NA,1,1,1,NA,1,1,NA,NA,NA,NA,0,1
"BELFORD (R CO-1)",1,1,0,0,1,0,1,0,0,1,1,NA,NA,NA,NA,1,0,0,NA,0,0,1,NA,1,1,NA,NA,NA,1,NA,NA,NA,NA,NA,NA,NA,NA,NA,NA,NA,NA,NA,NA,NA,1,NA,NA,NA,0,NA,NA,NA,1,1,1,0,NA,NA,NA,NA,NA,0,0,1,1,NA,NA,NA,NA,NA,1,0,1,0,0,1,1,NA,NA,NA,1,1,1,1,NA,NA,NA,NA,NA,1,1,NA,1,0,1,1,1,0,NA,NA,NA,0,0,0,NA,NA,NA,NA,1,1,1,1,1,0,NA,NA,NA,NA,1,NA,NA,NA,NA,0,0,1,NA,NA,NA,1,NA,0,NA,NA,1,0,1,0,0,1,0,NA,NA,0,0,0,0,0,0,0,0,NA,NA,NA,0,0,1,0,0,0,0,0,0,NA,NA,0,1,0,1,1,0,1,0,1,0,0,1,1,1,1,NA,NA,NA,NA,NA,NA,NA,NA,NA,NA,NA,NA,NA,NA,NA,NA,NA,NA,NA,NA,0,1,1,1,NA,NA,1,0,1,0,0,NA,1,1,1,1,0,1,1,1,1,1,1,1,0,1,NA,0,0,NA,NA,1,1,NA,NA,1,NA,NA,NA,NA,NA,NA,NA,NA,NA,NA,NA,NA,NA,NA,NA,NA,NA,NA,NA,NA,NA,NA,NA,NA,NA,NA,NA,NA,NA,NA,NA,NA,NA,1,0,1,NA,NA,NA,0,0,1,0,NA,0,NA,NA,NA,1,1,1,1,0,1,0,NA,NA,NA,NA,NA,0,0,1,0,1,NA,NA,0,NA,0,NA,1,0,NA,1,1,1,1,NA,NA,NA,1,0,1,NA,NA,NA,NA,1,1,NA,1,NA,1,NA,1,NA,1,0,1,0,1,1,1,NA,NA,NA,NA,NA,NA,NA,NA,NA
"BUCK (R CT-1)",1,1,0,0,1,0,1,1,NA,NA,NA,NA,NA,1,1,1,0,NA,1,1,0,1,NA,1,0,0,0,NA,1,0,0,1,0,1,1,0,0,0,1,1,1,1,NA,NA,1,0,1,1,0,NA,NA,NA,NA,NA,NA,NA,1,1,0,0,0,0,0,1,1,1,0,0,1,1,1,1,0,NA,NA,NA,NA,1,1,1,1,1,0,1,0,1,0,1,1,NA,1,1,NA,0,1,1,1,0,NA,0,0,0,1,0,0,1,1,1,1,1,1,NA,NA,NA,NA,NA,NA,NA,0,1,1,0,0,0,0,1,0,0,1,1,1,0,1,1,1,0,1,0,0,1,0,0,NA,0,0,0,0,0,0,0,0,0,0,0,0,0,1,0,0,0,0,0,0,1,1,0,1,0,1,1,0,1,0,1,1,0,1,1,1,1,1,1,0,1,1,0,0,1,0,0,1,1,0,1,1,1,NA,NA,NA,0,0,1,1,1,1,0,1,1,1,0,1,1,1,1,1,1,0,1,1,1,1,1,1,1,0,1,0,NA,0,1,1,0,1,1,NA,1,1,1,NA,1,1,0,1,1,0,1,NA,NA,1,0,1,1,0,1,0,0,1,1,1,0,1,1,0,1,1,NA,NA,1,0,1,0,1,1,NA,0,0,0,1,0,1,0,0,1,0,NA,1,NA,0,NA,NA,1,0,1,0,1,1,0,0,1,1,1,1,1,1,0,NA,0,1,0,1,1,1,1,0,1,1,1,1,0,1,1,1,1,1,1,1,1,1,1,0,0,1,NA,1,NA,0,0,1,1,1,1,1,1,1,1,1,1,0,1
"PHELPS (D CT-2)",1,1,1,NA,NA,1,0,NA,1,1,0,1,NA,NA,1,0,1,1,NA,NA,1,0,NA,0,0,0,NA,0,0,0,0,0,1,NA,NA,NA,NA,NA,NA,NA,NA,NA,NA,NA,NA,NA,NA,NA,NA,NA,NA,NA,NA,NA,0,1,NA,1,0,NA,NA,0,0,1,0,1,NA,NA,NA,NA,1,0,1,0,0,1,1,NA,NA,1,1,1,1,NA,1,0,1,NA,1,0,1,0,1,NA,NA,NA,NA,NA,NA,NA,NA,NA,NA,NA,NA,NA,NA,NA,NA,NA,NA,NA,NA,NA,NA,NA,NA,1,1,0,0,1,1,0,1,0,1,1,1,0,0,1,NA,0,0,1,0,1,NA,NA,NA,1,0,1,1,1,0,1,1,1,1,NA,NA,1,1,1,NA,1,1,1,1,1,1,0,0,NA,NA,NA,NA,NA,NA,NA,1,NA,NA,NA,NA,0,0,0,NA,NA,1,0,1,NA,0,1,NA,NA,NA,0,1,1,NA,0,0,1,1,0,0,0,0,1,0,1,0,0,1,1,1,0,NA,NA,NA,NA,NA,NA,NA,NA,NA,NA,NA,NA,NA,NA,NA,NA,NA,NA,NA,NA,NA,NA,NA,NA,NA,NA,0,1,0,1,0,1,0,1,0,0,NA,1,1,1,0,0,0,0,1,NA,NA,NA,NA,NA,NA,NA,NA,NA,NA,NA,NA,1,1,1,NA,1,1,1,1,0,1,1,1,1,0,1,NA,1,1,1,0,1,1,1,NA,NA,NA,NA,1,NA,0,1,0,0,NA,0,0,NA,0,1,1,1,1,1,1,0,1,NA,1,0,0,0,NA,NA,NA,NA,0,1,1,1,1,0,NA,1,1,NA,NA,NA,NA,NA,NA,NA,NA,NA,NA,NA,NA,NA,NA,NA,NA
"WAIT (R CT-3)",1,1,0,0,NA,NA,1,1,0,0,NA,1,NA,NA,1,1,1,NA,NA,NA,NA,NA,NA,1,1,1,NA,1,1,NA,0,1,0,1,1,0,0,0,0,NA,NA,NA,NA,NA,NA,0,1,1,0,1,1,1,1,0,NA,0,1,1,0,0,NA,0,0,1,NA,1,0,0,1,NA,1,1,0,0,0,1,1,NA,NA,NA,NA,NA,1,1,0,NA,NA,NA,NA,NA,NA,NA,1,NA,NA,NA,NA,NA,NA,1,0,0,1,1,NA,1,NA,1,1,1,1,0,0,1,1,0,NA,0,0,1,1,0,0,0,0,1,0,0,1,1,1,0,1,1,1,0,1,0,0,1,0,0,0,0,0,0,0,0,0,0,0,NA,NA,0,0,0,1,0,0,0,NA,0,0,1,1,0,1,0,1,1,0,1,0,1,NA,0,1,1,1,1,1,1,NA,1,1,0,NA,1,0,0,1,NA,0,1,1,0,1,1,0,NA,0,1,1,1,1,NA,NA,1,1,0,1,NA,1,1,1,1,0,1,1,1,1,1,1,1,0,NA,1,NA,NA,1,1,0,NA,1,1,1,1,1,1,NA,1,0,NA,1,NA,NA,1,1,NA,NA,1,1,0,1,0,0,1,NA,1,0,0,0,0,NA,1,0,NA,1,0,NA,0,1,NA,0,0,0,0,1,0,0,0,0,1,0,NA,1,NA,0,0,0,1,0,NA,0,1,1,0,0,1,1,1,1,1,0,0,0,0,1,0,1,NA,1,1,NA,NA,NA,1,1,0,1,NA,NA,NA,NA,1,1,1,1,0,0,0,1,1,1,1,1,1,1,1,NA,NA,NA,NA,NA,NA,NA,NA,0,1
"MILES (R CT-4)",1,1,0,1,NA,0,1,NA,NA,NA,NA,1,0,1,1,1,0,NA,1,1,0,1,0,NA,NA,NA,0,1,1,0,NA,1,0,1,1,0,0,0,0,1,1,1,0,1,1,0,1,1,1,1,NA,NA,NA,NA,NA,NA,1,1,0,0,0,0,0,1,1,1,0,0,1,NA,1,NA,NA,NA,NA,1,1,1,1,NA,1,1,1,1,0,NA,NA,NA,NA,0,NA,NA,1,0,1,1,1,0,NA,NA,0,NA,1,NA,NA,NA,NA,1,1,1,1,1,0,0,0,0,0,0,0,1,1,0,0,0,0,1,0,0,1,1,1,0,1,1,1,0,1,0,0,1,0,0,0,0,0,0,0,0,0,0,0,0,0,0,0,0,1,0,0,0,0,0,0,1,1,0,1,0,1,1,0,1,0,1,1,0,1,1,1,1,1,1,0,1,1,0,NA,NA,NA,NA,NA,NA,NA,1,0,1,1,1,NA,0,0,1,1,1,1,NA,NA,1,NA,NA,NA,NA,1,1,1,1,0,1,1,1,1,1,1,1,NA,1,1,NA,NA,1,1,NA,NA,NA,NA,NA,NA,NA,NA,NA,NA,NA,NA,NA,NA,NA,NA,NA,NA,0,1,1,NA,NA,NA,0,1,1,NA,1,0,1,1,1,NA,1,NA,NA,NA,1,NA,1,NA,0,0,0,0,1,0,0,0,0,1,0,1,NA,1,0,0,0,1,NA,NA,0,1,1,0,0,1,1,1,1,1,0,0,0,0,1,0,1,1,1,1,0,1,1,1,1,0,1,NA,NA,NA,1,1,1,1,1,0,0,NA,1,0,1,NA,NA,0,1,1,1,1,1,1,1,1,NA,NA,0,NA
"MARTIN (D DE-1)",1,1,1,NA,NA,1,0,1,0,0,1,0,NA,NA,NA,NA,NA,NA,NA,1,1,0,1,0,1,0,NA,0,0,1,1,0,1,NA,0,1,1,1,1,0,NA,NA,NA,NA,0,1,1,NA,NA,NA,NA,NA,NA,NA,NA,NA,NA,NA,NA,NA,NA,NA,0,1,NA,NA,NA,NA,NA,NA,1,0,1,NA,1,NA,NA,NA,NA,NA,NA,NA,NA,NA,NA,NA,NA,NA,NA,NA,NA,NA,NA,NA,NA,NA,NA,NA,NA,NA,NA,NA,NA,1,NA,1,1,1,NA,NA,NA,0,1,0,0,1,0,1,NA,NA,NA,NA,NA,NA,NA,NA,NA,NA,NA,NA,NA,NA,NA,NA,NA,1,NA,NA,NA,NA,NA,NA,NA,NA,NA,NA,NA,NA,NA,NA,NA,1,NA,NA,NA,NA,NA,NA,NA,NA,NA,NA,NA,NA,NA,NA,NA,NA,NA,NA,NA,NA,1,NA,NA,1,NA,NA,NA,NA,NA,NA,NA,NA,NA,NA,1,1,1,1,0,NA,NA,0,1,0,0,0,1,NA,NA,NA,NA,0,0,1,NA,NA,NA,NA,NA,NA,NA,NA,NA,NA,NA,NA,NA,NA,NA,NA,NA,NA,NA,NA,NA,NA,NA,NA,NA,1,0,1,1,0,1,1,0,NA,NA,NA,NA,1,NA,NA,NA,NA,NA,1,1,NA,1,1,1,1,1,1,0,1,0,1,1,1,NA,NA,NA,NA,NA,NA,NA,NA,NA,NA,1,NA,NA,0,1,1,NA,1,NA,NA,NA,NA,NA,NA,NA,NA,0,1,NA,NA,NA,NA,NA,NA,0,NA,NA,0,0,1,NA,NA,NA,NA,1,NA,NA,0,0,NA,NA,NA,NA,NA,NA,NA,NA,NA,NA,NA,NA,0,0,0,1,1,1,0,0,0,0,NA,1,0,0,NA,NA,NA,1,NA,NA,NA,NA,NA,NA
"DAVIDSON (D FL-1)",1,1,1,1,NA,1,0,0,1,0,1,1,NA,NA,NA,0,1,0,0,1,1,0,NA,NA,NA,NA,NA,NA,NA,NA,NA,1,1,1,0,1,1,1,1,NA,1,NA,NA,NA,NA,NA,NA,1,0,NA,NA,NA,1,1,NA,NA,NA,NA,NA,NA,NA,1,0,1,0,0,NA,NA,NA,NA,0,0,1,1,1,0,1,NA,NA,1,0,1,1,0,1,0,NA,0,0,0,1,0,1,1,NA,0,0,0,1,1,1,1,0,NA,NA,NA,NA,NA,NA,NA,NA,NA,NA,NA,NA,NA,NA,NA,NA,NA,NA,NA,NA,NA,NA,NA,NA,NA,NA,NA,NA,1,NA,NA,NA,1,NA,NA,NA,NA,NA,NA,NA,NA,NA,NA,NA,NA,NA,NA,NA,1,NA,NA,NA,NA,NA,NA,NA,NA,NA,NA,NA,NA,NA,NA,NA,NA,NA,NA,NA,NA,1,NA,NA,1,NA,NA,0,NA,NA,NA,1,NA,0,1,1,0,NA,NA,NA,NA,NA,NA,1,NA,NA,NA,NA,NA,1,0,1,0,0,1,0,0,NA,NA,NA,NA,NA,NA,NA,NA,NA,NA,NA,NA,NA,NA,NA,NA,NA,NA,NA,NA,NA,NA,NA,NA,NA,NA,NA,NA,NA,NA,NA,NA,NA,NA,NA,NA,NA,NA,NA,NA,NA,1,1,1,1,NA,NA,1,1,NA,0,1,NA,1,1,NA,NA,NA,NA,NA,NA,NA,NA,NA,NA,NA,NA,NA,NA,NA,NA,NA,NA,NA,NA,NA,1,1,0,1,1,1,0,1,NA,0,1,0,1,1,0,1,1,0,0,1,1,NA,1,0,1,0,1,1,1,0,NA,NA,NA,0,1,0,NA,NA,NA,NA,NA,0,0,0,1,1,NA,0,0,0,0,NA,1,0,0,NA,NA,NA,0,NA,NA,NA,NA,NA,NA
"FINLEY (D FL-2)",1,1,1,1,NA,0,0,0,0,0,0,1,0,0,1,1,1,1,0,1,1,0,1,0,1,0,0,0,0,1,0,1,1,NA,0,1,1,1,NA,0,1,0,NA,NA,1,NA,1,1,0,NA,1,0,1,1,0,1,1,0,1,1,1,1,0,1,0,0,1,1,NA,NA,1,0,1,1,1,0,1,1,1,1,0,1,1,0,1,0,1,0,0,0,1,0,1,1,NA,0,0,0,1,1,1,1,0,1,1,1,1,1,NA,NA,NA,0,1,NA,NA,1,1,1,1,0,0,1,1,0,NA,NA,1,1,0,NA,NA,1,NA,NA,NA,1,NA,NA,NA,NA,NA,NA,NA,NA,NA,NA,NA,NA,NA,NA,NA,1,NA,NA,NA,NA,NA,NA,NA,NA,NA,NA,NA,NA,NA,NA,NA,NA,NA,NA,NA,NA,1,NA,NA,1,NA,NA,0,NA,NA,NA,NA,NA,NA,NA,NA,NA,NA,NA,NA,NA,NA,NA,NA,NA,NA,NA,NA,NA,NA,NA,NA,NA,NA,NA,NA,NA,NA,NA,NA,NA,NA,NA,NA,NA,NA,NA,NA,NA,NA,NA,NA,NA,NA,NA,NA,NA,NA,NA,NA,NA,NA,NA,NA,NA,NA,NA,NA,NA,NA,NA,NA,NA,NA,NA,NA,NA,NA,NA,NA,NA,NA,NA,NA,NA,NA,NA,NA,NA,NA,NA,NA,NA,NA,NA,NA,NA,NA,NA,NA,NA,NA,NA,NA,NA,NA,NA,NA,NA,NA,NA,NA,NA,NA,NA,NA,NA,NA,NA,NA,NA,NA,NA,NA,NA,NA,NA,NA,NA,NA,NA,NA,NA,NA,NA,NA,NA,NA,NA,NA,NA,NA,NA,NA,NA,NA,NA,NA,NA,NA,NA,NA,NA,NA,NA,NA,NA,NA,NA,NA,NA,NA,NA,NA,NA,NA,NA,NA,NA,NA,NA,NA,NA,NA,NA,NA,NA,NA
"BISBEE (R FL-2)",NA,NA,NA,NA,NA,NA,NA,NA,NA,NA,NA,NA,NA,NA,NA,NA,NA,NA,NA,NA,NA,NA,NA,NA,NA,NA,NA,NA,NA,NA,NA,NA,NA,NA,NA,NA,NA,NA,NA,NA,NA,NA,NA,NA,NA,NA,NA,NA,NA,NA,NA,NA,NA,NA,NA,NA,NA,NA,NA,NA,NA,NA,NA,NA,NA,NA,NA,NA,NA,NA,NA,NA,NA,NA,NA,NA,NA,NA,NA,NA,NA,NA,NA,NA,NA,NA,NA,NA,NA,NA,NA,NA,NA,NA,NA,NA,NA,NA,NA,NA,NA,NA,NA,NA,NA,NA,NA,NA,NA,NA,NA,NA,NA,NA,NA,NA,NA,NA,NA,NA,NA,NA,NA,NA,NA,NA,NA,NA,NA,NA,NA,NA,NA,NA,NA,NA,NA,NA,NA,NA,NA,NA,NA,NA,NA,NA,NA,NA,NA,NA,NA,NA,NA,NA,NA,NA,NA,NA,NA,NA,NA,NA,NA,NA,NA,NA,NA,NA,NA,NA,NA,NA,NA,NA,NA,NA,NA,NA,NA,NA,NA,1,0,1,1,0,0,1,0,0,1,0,0,1,NA,1,NA,1,0,0,0,1,1,1,1,0,1,1,1,0,NA,NA,1,1,1,1,0,1,1,1,1,1,1,1,0,1,NA,NA,0,1,1,NA,1,NA,NA,1,1,1,NA,NA,1,NA,NA,NA,NA,NA,NA,NA,1,NA,NA,NA,0,0,0,0,1,NA,0,0,1,0,0,1,1,0,NA,1,0,NA,0,1,1,0,0,0,0,1,0,0,0,0,1,0,1,1,1,1,0,0,1,NA,1,0,1,1,0,0,1,0,1,1,1,0,0,0,0,1,0,1,1,1,1,0,1,0,1,1,0,1,1,1,1,1,1,1,1,1,1,1,1,1,NA,1,1,1,0,1,1,1,1,1,1,1,1,1,1,0,1
"BLACK (D GA-1)",1,1,1,1,NA,0,0,0,1,1,1,0,0,0,1,NA,1,1,0,0,1,0,1,0,1,0,1,0,0,1,1,0,1,NA,0,1,1,1,1,NA,0,1,NA,NA,1,1,1,1,0,1,0,0,1,1,0,0,1,NA,NA,NA,NA,NA,NA,NA,NA,NA,NA,NA,NA,NA,NA,NA,NA,NA,NA,NA,NA,NA,NA,NA,NA,NA,NA,NA,NA,NA,NA,NA,NA,NA,NA,NA,NA,NA,NA,NA,NA,NA,NA,NA,NA,NA,NA,NA,NA,NA,NA,NA,NA,NA,NA,NA,NA,NA,NA,NA,NA,NA,NA,NA,NA,NA,NA,NA,NA,NA,NA,NA,NA,NA,NA,NA,NA,NA,NA,NA,NA,NA,NA,NA,NA,NA,NA,NA,NA,NA,NA,NA,NA,NA,NA,NA,NA,NA,NA,NA,NA,NA,NA,NA,NA,NA,NA,NA,NA,NA,NA,NA,NA,NA,NA,NA,NA,NA,NA,NA,NA,NA,NA,NA,NA,NA,NA,NA,NA,NA,NA,NA,NA,NA,NA,NA,NA,NA,NA,NA,NA,NA,NA,NA,NA,NA,NA,NA,NA,NA,NA,NA,NA,NA,NA,NA,NA,NA,NA,NA,NA,NA,NA,NA,NA,NA,NA,NA,NA,NA,NA,NA,NA,NA,NA,NA,NA,NA,NA,NA,NA,NA,NA,NA,NA,NA,NA,NA,NA,NA,NA,NA,NA,NA,NA,NA,NA,NA,NA,NA,NA,NA,NA,NA,NA,NA,NA,NA,NA,NA,NA,NA,NA,NA,NA,NA,NA,NA,NA,NA,NA,NA,NA,NA,NA,NA,NA,NA,NA,NA,NA,NA,NA,NA,NA,NA,NA,NA,NA,NA,NA,NA,NA,NA,NA,NA,NA,NA,NA,NA,NA,NA,NA,NA,NA,NA,NA,NA,NA,NA,NA,NA,NA,NA,NA,NA,NA,NA,NA,NA,NA,NA,NA,NA,NA,NA,NA,NA,NA,NA,NA,NA,NA,NA,NA,NA,NA,NA,NA,NA,NA,NA,NA
"TURNER (D GA-2)",1,1,1,0,NA,1,0,0,1,0,0,1,1,1,1,0,1,1,0,0,1,0,1,0,1,0,0,0,0,1,1,0,1,NA,0,1,1,1,1,0,1,0,1,0,0,1,1,1,0,1,0,0,1,1,0,1,1,0,1,1,1,1,0,1,0,1,1,1,NA,0,0,0,1,0,1,NA,1,NA,0,1,0,0,1,0,1,0,1,0,0,0,1,0,0,1,0,0,0,1,NA,0,1,NA,NA,NA,NA,NA,NA,0,NA,NA,NA,0,1,0,0,1,1,1,1,0,0,1,1,0,1,0,1,0,0,NA,NA,1,NA,NA,NA,1,NA,NA,NA,NA,NA,NA,NA,NA,NA,NA,NA,NA,NA,NA,NA,1,NA,NA,NA,NA,NA,NA,NA,NA,NA,NA,NA,NA,NA,NA,NA,NA,NA,NA,NA,NA,1,NA,NA,1,NA,NA,0,NA,NA,NA,1,NA,0,1,1,0,1,1,0,1,1,0,0,0,0,1,1,1,1,NA,0,0,0,1,0,0,0,1,0,0,NA,NA,NA,NA,1,NA,NA,NA,NA,NA,NA,NA,1,NA,0,1,1,0,0,1,0,0,0,0,0,0,0,1,1,1,0,0,1,0,0,0,0,1,1,1,1,1,1,1,1,1,0,1,0,1,1,0,NA,NA,NA,NA,NA,1,1,0,0,1,1,1,1,0,1,1,1,1,1,1,1,1,0,1,1,1,1,1,NA,1,0,0,0,1,0,0,0,0,0,1,1,1,1,0,1,0,0,0,0,0,1,0,0,0,1,0,0,0,0,NA,NA,0,0,0,1,1,NA,0,0,0,0,0,1,0,0,NA,NA,NA,NA,NA,NA,NA,NA,1,NA
"COOK (D GA-3)",1,1,1,1,NA,1,0,0,1,1,1,1,NA,0,1,0,1,0,0,0,0,1,1,0,1,0,1,1,0,1,1,0,1,NA,0,1,1,1,0,0,NA,0,1,0,NA,0,1,1,1,1,1,0,1,1,0,0,1,0,1,1,1,1,1,0,0,0,1,1,NA,0,0,0,1,1,1,0,1,1,0,1,0,0,1,0,1,0,1,0,0,0,1,0,0,1,0,0,0,0,1,NA,NA,1,0,1,0,1,1,0,NA,NA,NA,0,1,0,0,NA,NA,0,1,NA,0,1,1,0,1,0,1,1,0,NA,NA,1,NA,NA,NA,1,NA,NA,NA,NA,NA,NA,NA,NA,NA,NA,NA,NA,NA,NA,NA,1,NA,NA,NA,NA,NA,NA,NA,NA,NA,NA,NA,NA,NA,NA,NA,NA,NA,NA,NA,NA,1,NA,NA,1,NA,NA,0,NA,NA,NA,1,NA,0,1,1,0,1,1,0,1,1,0,1,0,0,1,1,1,1,0,0,0,1,1,0,0,0,1,0,0,NA,NA,NA,NA,NA,NA,NA,NA,NA,NA,NA,NA,NA,NA,NA,NA,NA,NA,NA,NA,NA,NA,NA,NA,NA,NA,NA,NA,NA,NA,NA,NA,NA,NA,NA,NA,NA,1,0,1,1,NA,NA,1,1,1,0,1,1,1,1,1,0,0,NA,NA,NA,NA,NA,NA,NA,NA,1,1,1,0,1,1,1,1,1,1,NA,1,0,1,1,1,1,1,NA,1,0,0,1,1,0,0,0,0,0,1,1,1,NA,0,1,0,1,1,0,0,0,NA,0,0,1,0,0,0,0,NA,NA,0,0,0,1,1,1,0,0,0,0,0,NA,0,0,NA,NA,NA,0,NA,NA,NA,NA,NA,NA
"BUCHANAN (D GA-4)",1,1,1,0,NA,0,0,0,1,1,1,1,0,0,1,0,1,0,0,1,1,0,0,0,0,0,0,0,0,1,1,0,1,NA,0,1,1,1,0,0,1,1,NA,NA,0,NA,1,1,0,NA,1,0,1,1,0,1,1,0,1,1,1,1,0,1,0,1,0,1,NA,0,0,NA,NA,NA,NA,0,1,1,1,1,0,0,1,0,1,1,1,0,0,0,1,0,0,1,0,0,0,1,0,1,1,1,0,1,0,1,0,0,NA,NA,NA,0,0,0,0,1,1,1,1,NA,NA,NA,NA,NA,NA,NA,NA,NA,NA,NA,NA,1,NA,NA,NA,1,NA,NA,NA,NA,NA,NA,NA,NA,NA,NA,NA,NA,NA,NA,NA,1,NA,NA,NA,NA,NA,NA,NA,NA,NA,NA,NA,NA,NA,NA,NA,NA,NA,NA,NA,NA,1,NA,NA,1,NA,NA,0,NA,NA,NA,1,NA,0,1,1,0,1,1,0,1,1,0,0,0,0,1,1,1,0,0,0,0,0,1,0,0,0,1,0,0,NA,NA,NA,NA,NA,NA,NA,NA,NA,NA,NA,NA,1,NA,0,1,1,0,0,1,0,0,0,0,0,0,0,0,0,1,0,0,1,0,0,0,1,1,1,1,1,1,1,1,1,1,0,1,0,1,1,0,1,0,0,NA,NA,1,1,0,0,1,1,1,1,0,1,1,1,1,1,1,1,1,0,1,1,1,1,1,0,1,0,0,1,1,0,0,0,0,0,1,1,1,1,0,1,0,0,0,0,0,0,0,0,0,1,0,0,0,0,NA,NA,0,0,0,0,1,1,0,0,0,0,0,1,0,0,NA,NA,NA,0,NA,NA,NA,NA,NA,NA
"HAMMOND (D GA-5)",1,1,1,0,NA,0,0,0,1,1,1,1,0,1,1,1,1,0,0,1,1,0,0,0,0,0,0,NA,0,1,1,0,1,NA,0,1,1,1,0,1,1,1,NA,NA,0,0,1,1,0,1,1,0,1,1,0,1,1,0,1,NA,NA,1,0,1,0,1,0,0,NA,NA,1,0,1,1,1,0,0,1,0,1,0,0,1,0,1,0,1,0,0,0,1,0,0,1,0,0,0,1,NA,0,1,1,0,NA,NA,NA,NA,0,NA,NA,NA,0,0,0,NA,NA,0,0,NA,0,0,1,1,0,1,NA,1,0,0,NA,NA,1,NA,NA,NA,1,NA,NA,NA,NA,NA,NA,NA,NA,NA,NA,NA,NA,NA,NA,NA,1,NA,NA,NA,NA,NA,NA,NA,NA,NA,NA,NA,NA,NA,NA,NA,NA,NA,NA,NA,NA,NA,NA,0,NA,NA,NA,NA,NA,NA,NA,NA,NA,NA,NA,NA,NA,1,1,0,1,1,0,NA,NA,NA,NA,NA,1,0,0,0,NA,1,NA,0,0,0,1,0,0,NA,NA,NA,NA,NA,NA,NA,NA,NA,NA,NA,NA,1,NA,0,1,1,0,0,1,0,0,0,0,0,0,NA,0,1,1,0,0,1,0,NA,NA,NA,1,NA,1,1,1,1,1,1,1,0,1,0,1,1,0,0,0,0,NA,NA,1,1,0,1,1,NA,1,1,0,1,1,1,1,1,1,1,NA,0,NA,NA,1,1,1,NA,1,0,0,1,1,0,1,0,0,0,NA,NA,1,NA,NA,1,0,0,0,0,NA,NA,0,0,0,1,0,0,0,0,NA,NA,0,0,0,0,1,NA,0,0,0,0,0,1,0,0,NA,NA,NA,NA,NA,NA,NA,NA,NA,NA
"BLOUNT (D GA-6)",1,1,1,0,NA,0,0,0,1,1,1,1,1,NA,1,1,NA,0,0,0,1,0,1,0,1,0,NA,0,0,NA,1,0,1,NA,0,1,1,1,0,NA,1,0,0,1,0,0,NA,1,0,1,NA,0,1,1,0,1,1,0,1,1,1,NA,0,1,0,0,NA,1,NA,NA,0,0,1,NA,1,0,0,1,1,1,0,0,1,0,NA,1,1,0,0,NA,0,NA,0,1,0,0,0,NA,1,1,1,1,0,NA,NA,NA,NA,NA,NA,NA,NA,NA,NA,NA,NA,NA,1,1,NA,0,NA,1,1,0,1,NA,1,0,0,NA,NA,1,NA,NA,NA,1,NA,NA,NA,NA,NA,NA,NA,NA,NA,NA,NA,NA,NA,NA,NA,1,NA,NA,NA,NA,NA,NA,NA,NA,NA,NA,NA,NA,NA,NA,NA,NA,0,0,NA,NA,NA,NA,NA,1,NA,NA,0,NA,NA,NA,1,NA,0,1,1,0,1,1,0,1,1,NA,1,NA,0,1,1,1,0,0,1,0,0,1,0,0,1,NA,NA,0,NA,NA,NA,NA,NA,NA,NA,NA,NA,NA,NA,NA,NA,NA,NA,NA,NA,0,NA,1,NA,NA,NA,0,0,0,NA,1,1,1,NA,0,1,0,NA,NA,NA,1,1,NA,1,NA,NA,1,1,1,0,1,NA,1,1,0,NA,NA,NA,NA,NA,1,1,0,1,1,1,1,1,0,NA,1,1,NA,1,1,1,1,0,1,1,1,1,1,NA,1,0,0,0,1,0,0,0,0,0,1,NA,1,NA,NA,1,0,0,0,0,NA,1,0,0,0,1,0,0,0,0,NA,NA,0,0,0,NA,NA,NA,0,0,0,0,NA,NA,0,0,NA,NA,NA,NA,NA,NA,NA,NA,NA,NA
"CLEMENTS (D GA-7)",1,1,1,1,NA,1,0,0,1,1,0,1,0,0,1,0,1,1,0,1,1,0,0,0,0,NA,0,0,0,1,1,0,1,NA,0,1,1,1,0,0,0,0,1,0,0,1,1,1,1,1,0,0,1,1,0,1,1,NA,NA,NA,NA,1,0,1,0,0,1,1,NA,NA,NA,0,1,1,1,0,1,1,0,1,0,1,1,0,1,0,1,0,0,0,1,0,0,1,0,0,0,1,0,0,1,1,0,1,0,1,0,0,NA,NA,NA,0,0,0,0,1,1,1,1,0,0,1,1,0,1,0,1,0,0,NA,NA,1,NA,NA,NA,1,NA,NA,NA,NA,NA,NA,NA,NA,NA,NA,NA,NA,NA,NA,NA,1,NA,NA,NA,NA,NA,NA,NA,NA,NA,NA,NA,NA,NA,NA,NA,NA,NA,NA,NA,NA,1,NA,NA,1,NA,NA,0,NA,NA,NA,1,NA,0,1,1,0,1,1,0,1,1,0,1,0,0,1,1,1,0,0,0,0,0,1,0,NA,0,1,0,0,NA,NA,NA,NA,NA,NA,NA,NA,NA,NA,NA,NA,1,NA,0,1,1,0,0,1,0,0,0,0,0,0,0,1,0,1,0,1,1,0,0,0,0,1,1,1,1,1,1,1,1,1,0,1,0,1,1,1,1,0,0,0,NA,1,NA,0,0,1,1,1,1,0,1,1,1,1,1,1,0,1,0,1,1,1,1,1,0,1,0,0,1,NA,0,0,0,0,0,1,1,1,1,0,1,0,0,0,1,0,0,0,0,0,1,0,0,0,0,NA,NA,0,0,0,1,1,1,0,NA,0,0,0,1,0,0,NA,NA,NA,NA,NA,NA,NA,NA,NA,NA
"STEPHENS (D GA-8)",1,NA,NA,1,NA,NA,NA,NA,NA,NA,NA,NA,NA,NA,NA,NA,NA,NA,NA,1,NA,NA,NA,NA,NA,0,NA,0,NA,NA,0,NA,NA,NA,0,0,0,1,NA,NA,NA,NA,NA,NA,1,NA,NA,NA,NA,NA,NA,NA,NA,NA,NA,NA,NA,NA,NA,NA,NA,NA,NA,NA,NA,NA,NA,NA,NA,NA,NA,0,NA,NA,NA,NA,NA,NA,NA,NA,NA,NA,NA,NA,NA,NA,NA,NA,NA,0,1,NA,NA,NA,NA,NA,NA,NA,NA,NA,NA,NA,NA,NA,NA,NA,NA,NA,NA,NA,NA,NA,NA,NA,NA,NA,NA,NA,NA,NA,NA,NA,NA,NA,NA,NA,NA,NA,NA,NA,NA,NA,NA,NA,NA,NA,NA,NA,NA,NA,NA,NA,NA,NA,NA,NA,NA,NA,NA,NA,NA,NA,NA,NA,NA,NA,NA,NA,NA,NA,NA,NA,NA,NA,NA,NA,NA,NA,NA,NA,NA,NA,NA,NA,NA,NA,NA,NA,NA,NA,NA,NA,NA,NA,NA,NA,NA,NA,NA,NA,NA,1,NA,NA,NA,NA,NA,NA,NA,NA,NA,NA,1,NA,NA,NA,NA,NA,NA,NA,NA,NA,NA,NA,NA,NA,NA,NA,NA,NA,NA,NA,NA,NA,NA,NA,NA,NA,NA,0,0,NA,NA,NA,NA,1,1,1,NA,NA,NA,NA,NA,1,NA,NA,NA,NA,0,NA,NA,NA,NA,NA,NA,NA,NA,NA,NA,NA,NA,NA,NA,NA,NA,NA,NA,NA,NA,NA,NA,NA,NA,NA,NA,NA,NA,NA,NA,NA,NA,NA,NA,NA,NA,NA,NA,NA,NA,NA,NA,NA,NA,NA,NA,NA,NA,NA,NA,NA,NA,NA,NA,NA,NA,NA,NA,NA,NA,NA,NA,NA,NA,NA,NA,NA,NA,NA,NA,NA,NA,NA,NA,NA,NA,NA,NA,NA,NA,NA,NA,NA,NA,NA,NA,NA,NA,NA,NA,NA,NA,NA,NA,NA,NA,NA,NA,NA,NA
"REESE (D GA-8)",NA,NA,NA,NA,NA,NA,NA,NA,NA,NA,NA,NA,NA,NA,NA,NA,NA,NA,NA,NA,NA,NA,NA,NA,NA,NA,NA,NA,NA,NA,NA,NA,NA,NA,NA,NA,NA,NA,NA,NA,NA,NA,NA,NA,NA,NA,NA,NA,NA,NA,NA,NA,NA,NA,NA,NA,NA,NA,NA,NA,NA,NA,NA,NA,NA,NA,NA,NA,NA,NA,NA,NA,NA,NA,NA,NA,NA,NA,NA,NA,NA,NA,NA,NA,NA,NA,NA,NA,NA,NA,NA,NA,NA,NA,NA,NA,NA,NA,NA,NA,NA,NA,NA,NA,NA,NA,NA,NA,NA,NA,NA,NA,NA,NA,NA,NA,NA,NA,NA,NA,NA,NA,NA,NA,NA,NA,NA,NA,NA,NA,NA,NA,NA,NA,NA,NA,NA,NA,NA,NA,NA,NA,NA,NA,NA,NA,NA,NA,NA,NA,NA,NA,NA,NA,NA,NA,NA,NA,NA,NA,NA,NA,NA,NA,NA,NA,NA,NA,NA,NA,NA,NA,NA,NA,NA,NA,NA,NA,NA,NA,NA,NA,NA,NA,NA,NA,NA,NA,NA,NA,NA,NA,NA,NA,NA,NA,NA,NA,NA,NA,NA,NA,NA,NA,NA,NA,NA,NA,NA,NA,NA,NA,NA,NA,NA,NA,NA,NA,NA,NA,NA,NA,NA,NA,NA,NA,NA,NA,NA,NA,NA,NA,NA,NA,NA,NA,NA,NA,NA,NA,NA,NA,NA,NA,NA,NA,NA,NA,NA,1,1,1,1,1,1,1,1,1,0,1,0,1,1,NA,NA,NA,0,NA,NA,NA,NA,0,1,1,1,1,1,0,1,1,1,1,1,1,NA,1,0,NA,NA,NA,1,NA,NA,1,0,0,1,1,0,0,0,0,0,1,1,1,1,0,1,1,0,0,0,0,0,0,0,0,1,0,0,0,0,NA,NA,0,0,0,NA,1,1,0,0,0,0,0,NA,0,0,NA,NA,NA,0,NA,NA,NA,NA,NA,NA
"SPEER (Ind. Democrat GA-9)",1,1,1,0,NA,0,0,1,0,0,1,0,NA,NA,1,1,0,0,NA,1,1,NA,1,0,1,1,1,1,0,1,1,1,1,NA,0,0,NA,1,1,NA,1,NA,NA,NA,0,1,1,1,0,1,NA,NA,1,1,0,NA,1,0,1,NA,NA,0,0,1,0,1,0,NA,NA,NA,1,0,1,0,0,1,1,1,1,NA,1,1,1,0,1,NA,1,0,NA,0,1,NA,1,1,0,0,1,1,NA,1,NA,0,1,NA,0,1,1,0,1,NA,NA,0,1,NA,NA,1,NA,NA,NA,NA,NA,NA,NA,NA,NA,NA,NA,NA,NA,NA,NA,1,NA,NA,NA,NA,NA,NA,NA,NA,NA,NA,NA,NA,NA,NA,NA,NA,NA,NA,NA,NA,NA,NA,NA,NA,NA,NA,NA,NA,NA,NA,NA,NA,NA,NA,NA,NA,NA,NA,NA,NA,NA,NA,NA,1,NA,NA,NA,NA,NA,NA,1,NA,1,NA,1,NA,NA,NA,0,NA,NA,1,1,NA,0,NA,1,1,1,1,NA,NA,NA,NA,1,0,1,NA,NA,NA,NA,NA,NA,NA,NA,NA,NA,NA,NA,NA,NA,NA,1,NA,1,NA,NA,NA,1,NA,1,0,NA,1,1,1,0,0,NA,0,NA,1,NA,1,NA,NA,0,1,1,1,0,NA,0,0,1,1,0,0,NA,NA,0,1,0,1,1,0,0,1,0,1,1,0,0,0,0,1,0,0,0,0,0,0,NA,1,NA,1,NA,NA,NA,NA,NA,0,1,NA,1,0,NA,1,1,NA,1,0,NA,0,NA,NA,0,1,1,NA,1,1,1,0,1,NA,NA,NA,0,NA,0,0,0,1,1,1,NA,NA,NA,1,NA,0,NA,1,1,1,NA,NA,NA,NA,NA,NA,NA,NA,NA,1,NA
"ALDRICH (R IL-1)",1,1,0,0,1,NA,1,0,NA,1,1,1,0,1,1,1,0,0,0,1,1,0,0,NA,1,1,1,1,1,0,0,1,0,NA,1,0,0,0,0,1,1,1,0,1,1,0,1,1,1,1,1,1,1,0,1,0,NA,NA,0,0,0,0,0,1,1,1,0,0,1,NA,1,1,1,0,0,1,1,0,NA,NA,1,1,1,1,0,1,0,1,1,1,1,1,1,0,1,1,1,0,NA,1,0,0,1,0,0,1,1,0,1,1,1,1,1,0,0,0,NA,0,0,1,1,0,0,1,0,1,0,0,1,1,1,0,1,1,1,0,1,0,0,1,0,0,0,0,0,0,0,0,0,0,0,0,0,0,0,0,1,0,0,0,0,0,0,1,NA,0,1,0,1,1,0,1,0,1,1,0,1,1,1,1,1,1,0,1,1,0,0,1,0,0,1,0,0,1,0,1,1,NA,0,NA,0,1,1,1,1,0,1,1,1,0,1,1,1,1,1,1,0,1,1,1,1,1,1,1,0,1,1,1,0,1,1,0,1,1,1,1,1,1,1,1,0,0,1,NA,NA,1,1,1,1,0,1,1,0,1,0,0,1,1,1,0,1,0,0,1,1,0,NA,NA,NA,0,0,1,1,0,0,0,1,NA,1,0,0,1,0,0,1,1,1,NA,NA,0,NA,0,NA,0,1,1,0,0,1,1,1,1,1,NA,0,NA,NA,NA,0,1,1,1,1,0,1,0,1,1,0,1,NA,1,1,1,1,1,NA,1,1,1,1,1,1,1,1,NA,0,1,1,1,1,1,NA,NA,NA,NA,NA,0,1
"DAVIS (R IL-2)",1,1,0,NA,1,0,1,1,0,0,1,0,1,1,1,1,NA,NA,1,1,0,1,NA,0,0,1,1,0,1,0,0,1,0,NA,1,0,0,0,1,1,NA,0,1,0,1,0,1,1,1,1,1,1,NA,NA,NA,NA,NA,1,0,0,0,0,0,1,1,1,0,0,1,1,1,0,1,0,0,1,0,NA,NA,0,1,1,1,1,0,1,0,1,1,1,1,1,1,0,1,1,1,0,1,NA,NA,NA,1,NA,NA,NA,NA,NA,NA,NA,NA,1,0,0,0,0,0,0,0,1,1,0,0,1,0,1,0,0,1,1,1,0,1,1,1,0,NA,0,0,1,0,0,0,0,0,0,0,0,0,0,0,0,0,0,0,0,1,0,0,0,0,0,0,1,1,0,1,0,1,1,0,1,NA,1,1,0,1,1,1,1,1,1,0,1,1,0,0,1,NA,NA,NA,0,0,1,1,1,1,1,0,0,0,1,NA,NA,NA,NA,NA,NA,1,1,1,1,1,1,1,1,0,1,1,1,1,1,1,1,0,1,NA,NA,0,1,1,0,1,1,1,1,1,1,1,NA,NA,0,NA,1,0,1,1,1,NA,0,1,1,0,0,0,0,1,NA,NA,NA,NA,1,0,NA,NA,NA,NA,NA,NA,NA,NA,NA,1,NA,0,NA,NA,1,0,0,0,0,1,0,1,1,1,1,0,NA,0,NA,NA,0,1,1,0,0,1,1,1,1,1,0,0,0,0,1,0,1,1,0,1,1,1,0,0,1,0,1,1,1,1,1,1,1,1,1,0,0,0,0,0,1,1,0,0,1,NA,1,1,1,1,1,1,1,1,0,1
"FARWELL (R IL-3)",1,1,0,NA,NA,NA,NA,0,1,1,1,1,1,1,1,1,NA,0,1,NA,NA,NA,NA,NA,NA,NA,NA,NA,NA,NA,NA,NA,NA,NA,NA,NA,NA,NA,NA,NA,NA,NA,NA,NA,NA,0,1,NA,NA,NA,NA,NA,NA,NA,NA,NA,1,1,0,0,0,0,0,1,1,1,0,0,1,NA,1,1,1,0,0,1,NA,NA,NA,0,1,1,1,NA,NA,NA,NA,NA,NA,NA,NA,NA,NA,NA,NA,NA,1,0,NA,NA,0,0,1,NA,NA,1,1,0,1,1,1,NA,NA,NA,NA,NA,NA,NA,NA,NA,NA,NA,NA,NA,NA,NA,NA,NA,NA,NA,NA,NA,NA,NA,NA,NA,NA,0,0,1,0,0,0,0,0,0,0,NA,0,0,0,0,0,0,0,0,1,0,0,0,0,0,0,1,1,0,1,0,1,1,0,1,0,1,NA,0,1,1,1,1,1,1,0,1,1,0,0,1,NA,NA,NA,NA,NA,NA,NA,NA,NA,NA,NA,NA,NA,NA,NA,NA,NA,NA,NA,NA,NA,NA,NA,1,1,1,1,1,0,1,1,1,1,1,1,1,0,1,1,NA,0,NA,NA,NA,NA,NA,NA,NA,NA,NA,NA,NA,NA,NA,NA,NA,NA,NA,NA,NA,NA,0,NA,NA,0,0,0,0,NA,NA,1,0,NA,0,0,NA,NA,NA,NA,NA,NA,NA,NA,NA,NA,NA,NA,NA,NA,NA,NA,NA,NA,NA,NA,0,NA,NA,NA,NA,NA,NA,0,0,NA,0,1,1,0,NA,NA,NA,NA,NA,NA,NA,NA,NA,NA,NA,0,1,1,1,1,0,1,1,1,1,0,1,1,1,1,1,1,1,1,1,1,1,1,1,1,1,1,1,0,1,1,1,1,1,1,0,NA,NA,NA,0,1
"SHERWIN (R IL-4)",1,1,0,0,NA,1,1,NA,0,1,1,1,NA,NA,1,1,0,0,1,NA,0,1,0,1,0,1,NA,1,1,0,0,1,0,1,1,0,0,0,0,1,NA,1,0,1,1,0,1,1,1,1,NA,NA,NA,NA,NA,NA,NA,NA,NA,NA,NA,NA,NA,NA,1,1,0,0,1,1,1,0,1,0,0,1,1,1,1,NA,NA,NA,1,1,0,1,0,1,1,1,1,1,1,0,1,1,1,0,1,0,0,0,1,1,1,1,NA,NA,1,1,NA,NA,NA,NA,NA,NA,NA,NA,NA,NA,NA,NA,NA,NA,NA,NA,NA,NA,NA,NA,NA,NA,NA,NA,NA,NA,NA,NA,0,1,0,0,0,0,0,0,0,0,0,0,0,0,0,0,0,0,1,0,0,0,0,0,0,1,1,0,1,0,1,1,0,1,0,1,1,0,1,1,1,1,1,1,0,1,1,0,NA,1,NA,NA,NA,NA,NA,NA,NA,NA,NA,NA,NA,NA,NA,NA,NA,NA,NA,NA,NA,NA,NA,NA,NA,NA,1,1,1,1,0,1,1,1,1,1,1,1,0,1,1,NA,0,1,1,0,1,1,1,0,1,1,1,0,0,0,1,1,0,1,NA,NA,NA,NA,NA,NA,0,0,0,0,1,1,0,0,1,1,NA,1,1,0,1,1,NA,1,0,1,1,0,0,0,1,0,0,0,0,1,0,0,1,1,1,0,0,1,1,0,NA,0,1,1,0,0,1,1,1,1,1,NA,NA,NA,0,1,0,1,1,NA,NA,0,1,0,0,1,0,1,1,1,1,1,1,1,1,1,NA,1,0,1,NA,1,1,1,0,1,1,1,1,1,1,1,1,1,NA,0,1
"HAWK (R IL-5)",1,1,0,NA,1,1,1,1,0,0,1,0,0,1,1,1,0,0,1,1,0,1,1,1,1,1,NA,1,1,0,0,1,0,1,1,0,0,0,0,1,1,1,1,NA,1,0,1,1,1,1,1,1,1,0,1,0,1,1,0,0,0,0,0,1,1,1,0,0,NA,NA,1,1,0,NA,NA,1,1,0,1,NA,1,1,1,1,0,1,0,1,1,1,0,1,1,0,1,1,1,0,1,0,0,0,1,0,0,1,1,NA,NA,NA,NA,NA,NA,NA,NA,NA,NA,NA,NA,NA,NA,NA,NA,NA,NA,NA,NA,NA,NA,NA,NA,NA,NA,NA,NA,NA,NA,0,0,1,0,0,0,0,0,0,0,0,0,0,0,NA,0,0,0,0,1,0,0,0,0,0,0,1,1,0,1,0,1,1,0,1,0,1,1,NA,1,1,NA,1,1,1,0,1,1,0,0,1,0,0,1,0,0,1,1,NA,NA,NA,NA,NA,NA,NA,NA,NA,NA,NA,NA,NA,NA,NA,NA,NA,NA,NA,NA,NA,NA,NA,NA,NA,NA,NA,NA,NA,NA,NA,NA,NA,NA,NA,NA,NA,NA,NA,NA,NA,NA,NA,NA,NA,NA,NA,NA,NA,NA,NA,NA,NA,NA,NA,NA,NA,NA,NA,NA,NA,NA,NA,NA,NA,NA,NA,NA,NA,NA,NA,NA,NA,NA,NA,NA,NA,NA,NA,NA,NA,NA,NA,NA,NA,NA,NA,NA,NA,NA,NA,NA,NA,NA,NA,NA,NA,NA,NA,NA,NA,NA,NA,NA,NA,NA,NA,NA,NA,NA,NA,NA,NA,NA,NA,NA,NA,NA,NA,NA,NA,NA,NA,NA,NA,NA,NA,NA,NA,NA,NA,NA,NA,NA,NA,NA,NA,NA,NA,NA,NA,NA,NA,NA,NA,NA,NA,NA,NA,NA,NA,NA,NA,NA
"HITT (R IL-5)",NA,NA,NA,NA,NA,NA,NA,NA,NA,NA,NA,NA,NA,NA,NA,NA,NA,NA,NA,NA,NA,NA,NA,NA,NA,NA,NA,NA,NA,NA,NA,NA,NA,NA,NA,NA,NA,NA,NA,NA,NA,NA,NA,NA,NA,NA,NA,NA,NA,NA,NA,NA,NA,NA,NA,NA,NA,NA,NA,NA,NA,NA,NA,NA,NA,NA,NA,NA,NA,NA,NA,NA,NA,NA,NA,NA,NA,NA,NA,NA,NA,NA,NA,NA,NA,NA,NA,NA,NA,NA,NA,NA,NA,NA,NA,NA,NA,NA,NA,NA,NA,NA,NA,NA,NA,NA,NA,NA,NA,NA,NA,NA,NA,NA,NA,NA,NA,NA,NA,NA,NA,NA,NA,NA,NA,NA,NA,NA,NA,NA,NA,NA,NA,NA,NA,NA,NA,NA,NA,NA,NA,NA,NA,NA,NA,NA,NA,NA,NA,NA,NA,NA,NA,NA,NA,NA,NA,NA,NA,NA,NA,NA,NA,NA,NA,NA,NA,NA,NA,NA,NA,NA,NA,NA,NA,NA,NA,NA,NA,NA,NA,NA,NA,NA,NA,NA,NA,NA,NA,NA,NA,NA,NA,NA,NA,NA,NA,NA,NA,NA,NA,NA,NA,NA,NA,NA,NA,NA,NA,NA,NA,NA,NA,NA,NA,NA,NA,NA,NA,NA,NA,NA,NA,NA,NA,NA,NA,NA,NA,NA,NA,NA,NA,NA,NA,NA,NA,NA,NA,NA,NA,NA,NA,NA,NA,NA,NA,NA,NA,0,1,1,0,1,0,0,1,1,NA,NA,NA,NA,NA,NA,1,0,NA,1,1,1,0,1,1,1,0,0,1,0,0,0,0,1,1,0,1,1,1,1,0,1,1,0,1,0,1,1,0,0,1,0,1,1,1,0,0,0,NA,NA,0,1,1,NA,1,0,NA,0,0,1,NA,NA,NA,NA,NA,1,1,1,1,1,NA,NA,0,0,NA,1,1,1,1,1,1,1,1,1,1,1,1,1,1,0,1
"HENDERSON (R IL-6)",1,1,0,NA,NA,0,1,NA,NA,1,1,NA,NA,NA,1,1,0,0,NA,1,0,1,1,1,1,1,1,NA,1,0,NA,1,0,1,1,0,0,0,0,1,1,0,1,NA,1,0,1,1,NA,1,NA,NA,1,0,1,0,NA,NA,NA,0,0,NA,NA,NA,1,1,0,0,1,NA,1,1,0,0,0,1,NA,0,1,NA,NA,NA,NA,NA,NA,1,NA,NA,NA,NA,NA,NA,NA,NA,NA,NA,1,0,NA,NA,NA,0,1,0,NA,1,NA,1,1,1,1,NA,1,NA,NA,NA,NA,NA,NA,NA,NA,0,0,1,0,NA,0,0,1,1,1,0,NA,1,1,0,1,0,0,1,0,0,0,0,0,0,0,0,0,0,0,NA,0,0,0,0,1,0,0,0,0,0,0,1,1,0,1,0,1,1,0,1,0,1,1,0,1,1,1,1,1,1,NA,1,1,0,0,1,0,0,1,0,0,1,NA,NA,NA,1,0,NA,NA,NA,1,1,NA,0,1,NA,1,0,1,1,1,1,1,1,0,1,1,1,1,1,1,1,0,1,NA,NA,0,1,NA,0,1,1,1,1,1,1,0,NA,0,0,NA,1,NA,NA,1,1,NA,0,1,NA,0,1,0,NA,NA,NA,1,0,1,1,1,NA,1,NA,NA,NA,NA,NA,NA,NA,NA,NA,NA,NA,NA,NA,NA,NA,NA,NA,NA,NA,NA,NA,NA,NA,NA,NA,1,NA,1,0,0,0,0,0,1,1,1,1,1,0,0,0,0,1,NA,NA,1,0,1,NA,NA,1,1,1,0,1,1,1,1,1,1,1,1,1,NA,NA,0,1,NA,NA,1,1,0,1,1,1,1,1,NA,1,1,1,NA,NA,NA
"CULLEN (R IL-7)",1,1,0,0,NA,0,1,1,1,1,1,1,1,NA,1,1,0,NA,1,1,0,1,0,1,1,1,0,NA,1,0,0,1,0,1,1,0,0,0,1,1,1,1,NA,NA,NA,0,1,1,1,1,0,1,1,0,NA,0,1,1,0,0,0,0,0,1,NA,1,0,0,1,1,1,1,0,0,0,1,1,0,1,0,1,1,1,1,0,1,0,1,1,1,1,1,1,0,1,1,1,0,1,NA,NA,0,1,0,0,1,1,1,1,1,1,1,1,0,0,0,0,0,0,1,1,0,0,1,0,1,0,0,1,1,1,0,1,1,1,0,1,0,0,1,0,0,0,0,0,0,0,0,0,0,0,0,0,0,0,0,1,0,0,0,0,0,0,1,1,0,1,0,1,1,0,1,0,1,1,0,1,1,1,1,1,1,0,1,1,0,0,1,0,0,1,0,0,1,1,1,0,1,0,0,0,1,NA,NA,NA,NA,NA,NA,1,0,1,1,1,1,1,1,0,1,1,1,1,1,1,1,0,1,0,1,0,NA,1,0,1,1,1,NA,1,1,1,1,1,0,1,1,1,1,1,1,1,0,1,1,1,1,1,1,1,1,1,0,NA,0,0,1,1,1,0,1,0,1,0,1,1,NA,0,0,1,0,0,0,0,1,1,0,1,1,1,1,0,0,1,0,NA,1,1,1,0,0,1,1,1,1,1,0,0,0,0,1,0,1,1,0,1,0,1,NA,0,1,0,1,1,1,1,1,1,1,1,1,0,0,0,NA,0,1,1,NA,NA,1,1,1,1,1,1,1,1,1,NA,0,1
"PAYSON (R IL-8)",1,1,0,0,NA,0,1,1,1,1,1,1,0,1,1,1,0,0,1,1,0,0,0,1,0,1,0,1,1,0,NA,1,0,1,1,0,0,0,0,1,1,1,0,1,1,NA,NA,1,NA,NA,0,NA,NA,0,1,0,1,1,0,0,0,0,0,1,1,1,0,0,1,1,1,1,1,1,0,1,1,0,0,0,1,1,1,1,0,1,0,1,1,1,1,1,1,0,1,1,1,0,NA,0,0,0,1,0,0,1,1,1,1,1,1,0,0,0,0,0,0,0,0,1,1,0,0,0,0,1,0,0,1,1,NA,0,1,1,1,0,1,0,0,1,0,0,0,0,0,0,0,0,0,0,0,0,0,0,0,0,1,0,0,0,0,0,0,1,1,0,1,0,1,1,0,1,0,1,1,0,1,1,1,1,1,1,0,1,1,0,1,1,0,0,1,1,0,1,1,1,0,0,0,1,0,0,NA,NA,NA,NA,NA,1,1,1,1,NA,1,1,1,1,0,1,1,1,1,1,1,1,0,1,0,1,1,0,1,0,1,1,1,0,1,1,0,0,1,0,1,1,NA,NA,1,0,1,0,1,1,0,1,1,1,1,1,1,0,1,0,0,1,1,0,0,1,0,1,0,1,1,0,0,0,1,0,1,0,0,1,0,0,1,1,NA,1,0,1,1,NA,NA,1,0,1,0,0,1,1,0,1,1,0,0,0,0,1,NA,NA,1,0,0,0,1,1,0,1,0,1,1,1,1,1,1,1,1,1,0,0,0,0,1,1,NA,NA,0,1,1,1,1,1,NA,1,NA,1,NA,0,1
"LEWIS (R IL-9)",1,1,0,0,NA,0,1,NA,0,1,1,1,0,1,1,1,0,NA,1,1,0,1,1,NA,0,1,NA,1,1,0,0,1,0,1,1,0,0,0,NA,NA,1,0,NA,NA,NA,0,1,1,1,1,0,1,1,0,1,0,1,1,0,0,NA,NA,0,1,1,1,0,NA,1,1,1,1,1,0,0,1,1,NA,NA,0,1,1,1,1,0,0,1,1,1,1,0,1,1,0,1,1,1,0,1,NA,NA,0,1,1,NA,NA,NA,1,NA,NA,NA,0,NA,0,0,0,0,0,0,NA,NA,NA,0,0,0,1,0,0,1,1,1,NA,NA,NA,1,NA,1,0,0,1,0,0,0,0,0,0,0,0,0,0,0,0,0,0,0,0,1,0,0,0,0,0,0,1,1,0,1,0,1,1,0,1,0,1,1,0,1,1,1,1,1,1,0,1,NA,0,1,1,0,0,1,NA,0,1,1,0,1,1,0,0,0,1,1,1,1,NA,1,NA,1,0,1,1,1,1,1,1,0,1,1,1,1,1,1,1,0,1,1,NA,0,1,1,0,1,1,1,0,1,1,1,0,0,0,1,1,1,0,1,1,0,0,NA,1,1,1,0,0,1,1,1,0,NA,0,0,NA,1,0,0,1,0,1,0,1,1,0,1,0,0,1,NA,0,0,0,1,0,1,1,NA,1,0,1,1,NA,NA,1,1,1,0,0,1,1,1,1,1,0,0,0,0,1,0,1,0,0,NA,0,1,NA,0,1,0,1,1,1,1,1,1,1,1,1,1,0,1,0,0,1,1,1,1,1,1,1,NA,1,1,1,1,NA,NA,0,1
"MARSH (R IL-10)",1,1,0,0,NA,1,1,1,1,1,NA,NA,NA,NA,NA,1,0,0,0,1,NA,NA,1,1,1,1,1,1,1,0,0,1,0,1,1,0,0,0,1,NA,1,1,0,1,1,0,1,1,1,1,0,NA,1,0,1,0,1,1,0,0,0,0,0,1,1,1,NA,0,1,0,1,0,1,0,0,NA,NA,NA,NA,NA,1,1,1,1,0,NA,NA,NA,1,NA,NA,NA,NA,NA,NA,NA,NA,NA,NA,NA,NA,0,1,1,0,1,1,NA,NA,NA,NA,1,1,0,0,0,0,0,0,0,NA,0,NA,0,0,1,NA,0,0,1,1,0,1,1,1,0,1,0,0,1,0,0,NA,0,0,0,NA,0,0,0,0,NA,0,0,0,0,1,0,0,0,0,0,0,1,NA,0,1,0,1,1,0,1,0,1,NA,0,1,1,1,1,1,1,0,1,1,0,1,1,NA,NA,NA,NA,NA,NA,NA,NA,NA,NA,NA,NA,NA,NA,NA,NA,NA,NA,NA,NA,NA,NA,NA,NA,NA,NA,NA,NA,NA,NA,NA,NA,NA,NA,NA,NA,NA,NA,NA,NA,NA,NA,NA,NA,NA,NA,NA,NA,NA,NA,NA,NA,NA,NA,NA,NA,NA,NA,NA,NA,NA,0,1,NA,1,1,0,0,1,1,0,0,0,0,0,1,1,1,1,1,0,1,0,0,NA,NA,0,0,0,1,0,NA,NA,NA,NA,NA,1,NA,1,1,0,1,NA,NA,NA,0,1,1,0,0,1,1,1,1,1,0,0,NA,0,NA,0,1,1,0,0,NA,1,1,1,1,0,1,NA,NA,NA,NA,1,1,1,1,0,0,NA,1,0,NA,NA,NA,NA,1,1,1,1,1,NA,NA,NA,NA,NA,0,1
"SINGLETON (D IL-11)",1,1,1,1,1,1,0,NA,0,0,1,1,1,0,1,NA,NA,1,0,1,NA,NA,1,0,1,0,NA,0,0,1,NA,0,1,0,0,1,NA,NA,1,NA,NA,NA,NA,NA,0,1,0,NA,NA,0,1,0,0,1,0,NA,1,0,1,NA,NA,1,0,0,0,0,0,NA,NA,NA,1,1,NA,NA,NA,0,1,NA,NA,NA,1,0,NA,0,1,1,0,NA,0,NA,NA,NA,1,1,0,0,1,0,1,1,1,NA,0,1,0,1,NA,0,NA,0,NA,NA,NA,NA,NA,NA,1,NA,1,NA,NA,0,1,NA,1,0,NA,1,0,NA,NA,1,NA,NA,NA,1,NA,NA,NA,NA,NA,NA,NA,1,NA,NA,NA,NA,NA,NA,NA,NA,NA,NA,NA,NA,NA,NA,NA,NA,NA,NA,NA,NA,NA,NA,NA,NA,NA,NA,NA,NA,1,NA,NA,1,NA,NA,NA,NA,NA,NA,1,NA,0,NA,0,0,0,NA,NA,NA,NA,NA,NA,0,0,1,1,1,NA,NA,1,NA,1,NA,NA,NA,NA,NA,NA,NA,NA,NA,NA,NA,NA,NA,NA,NA,NA,NA,NA,NA,NA,NA,NA,1,1,0,0,1,NA,0,1,NA,NA,NA,NA,NA,NA,NA,NA,NA,NA,NA,NA,NA,NA,0,NA,0,1,1,1,1,NA,NA,1,0,1,1,0,0,1,1,0,NA,NA,NA,NA,NA,NA,1,1,1,1,0,NA,1,1,1,1,1,1,NA,0,NA,NA,1,1,1,NA,0,NA,0,1,1,0,0,0,0,0,NA,1,1,1,0,1,1,0,0,0,0,0,NA,1,0,0,0,NA,NA,NA,NA,0,0,0,0,1,1,NA,0,1,0,NA,NA,1,NA,0,NA,NA,NA,NA,NA,NA,NA,NA,NA,NA
"SPRINGER (D IL-12)",1,1,1,1,NA,1,0,1,0,0,0,1,0,1,1,NA,1,1,0,1,0,1,1,0,0,1,1,0,0,1,0,0,1,NA,0,1,1,1,0,0,1,1,1,1,0,1,0,1,0,NA,1,0,1,1,0,1,1,0,1,NA,NA,1,0,1,0,0,1,1,NA,0,0,0,1,1,1,0,1,1,1,NA,NA,0,1,0,1,1,1,NA,NA,0,1,0,1,1,0,0,0,0,0,1,1,NA,0,NA,NA,NA,NA,0,NA,NA,NA,0,NA,0,0,1,1,1,NA,NA,1,1,1,1,1,0,1,1,0,NA,0,1,NA,NA,NA,1,NA,NA,NA,NA,NA,NA,NA,1,NA,NA,NA,NA,NA,NA,NA,NA,NA,NA,NA,NA,NA,NA,NA,NA,NA,NA,NA,NA,NA,NA,NA,NA,NA,NA,NA,NA,1,NA,NA,1,NA,NA,0,NA,NA,NA,1,NA,0,NA,1,1,NA,NA,NA,NA,1,1,NA,NA,NA,NA,NA,0,1,0,1,0,NA,1,0,0,NA,1,0,NA,NA,NA,NA,NA,NA,NA,NA,NA,NA,NA,NA,NA,1,NA,NA,1,1,0,0,1,0,0,1,NA,NA,0,0,0,0,0,1,0,1,0,1,1,0,NA,NA,NA,0,1,0,NA,1,1,NA,1,1,1,1,NA,1,0,0,NA,1,1,1,1,0,1,NA,1,1,0,1,1,1,1,1,1,1,1,1,1,1,1,0,NA,0,NA,0,0,1,1,0,1,0,0,0,1,1,1,NA,NA,1,0,0,0,0,0,1,NA,NA,0,NA,NA,NA,NA,NA,NA,NA,0,0,0,1,0,0,0,NA,0,0,0,1,0,0,NA,NA,NA,0,NA,NA,NA,NA,1,NA
"SMITH (R IL-13)",1,1,0,0,NA,0,1,0,0,0,1,0,0,1,1,1,0,0,NA,1,0,1,0,1,0,1,0,1,1,0,0,1,0,1,1,0,0,0,0,1,NA,1,0,NA,1,0,1,1,1,1,1,NA,1,0,1,0,1,1,0,NA,NA,0,0,1,NA,1,0,0,NA,NA,1,1,1,0,NA,1,1,0,1,NA,1,1,1,1,0,0,1,1,1,0,0,1,NA,0,1,1,1,0,1,1,NA,NA,NA,NA,NA,NA,NA,1,1,1,1,1,1,0,1,0,0,0,0,1,1,0,0,0,NA,1,0,0,1,1,1,0,1,1,1,0,1,0,0,1,0,0,0,0,0,0,0,NA,0,0,0,0,0,0,0,0,1,0,0,0,0,0,0,NA,1,0,1,0,1,1,0,1,0,1,1,0,1,1,1,1,1,0,0,1,1,0,1,1,0,0,1,1,0,1,1,1,0,1,1,0,0,1,1,1,1,0,1,1,1,1,1,1,1,1,1,1,0,1,1,1,1,1,1,1,0,1,1,0,0,1,1,0,1,1,1,1,1,1,1,0,1,NA,NA,NA,NA,NA,NA,NA,NA,1,1,1,0,0,0,0,1,NA,0,1,0,1,1,1,NA,NA,NA,NA,NA,1,NA,1,1,0,0,0,1,0,0,0,0,1,0,0,1,1,1,1,0,1,1,NA,NA,0,1,1,0,0,1,1,1,1,1,0,0,0,0,1,0,1,1,1,1,0,1,NA,0,1,0,1,NA,NA,NA,NA,1,1,1,1,1,1,NA,0,0,1,1,NA,NA,1,1,1,NA,NA,NA,NA,NA,NA,NA,0,1
"CANNON (R IL-14)",1,1,0,0,1,0,0,NA,NA,1,1,1,NA,NA,NA,1,0,0,NA,1,NA,NA,0,1,1,1,NA,1,1,0,0,1,0,1,1,0,0,0,0,1,1,NA,NA,NA,1,0,1,1,1,1,NA,NA,1,0,1,0,1,1,0,0,0,0,0,1,NA,1,0,0,1,NA,NA,0,1,0,NA,1,0,0,1,NA,1,1,1,1,0,1,0,1,1,1,NA,1,0,0,1,1,1,0,1,0,0,0,1,1,0,1,1,1,1,1,1,0,1,0,1,0,0,0,0,1,1,0,0,1,0,1,0,0,1,1,1,0,1,1,1,0,1,0,0,1,0,0,0,0,0,NA,0,NA,0,0,0,0,NA,0,0,0,1,0,0,0,0,0,NA,NA,1,0,1,0,1,1,0,1,0,1,1,0,1,1,1,1,1,NA,NA,1,NA,NA,NA,NA,0,0,1,0,0,1,1,1,0,0,0,0,0,1,1,1,1,0,1,1,1,0,1,1,1,1,1,1,0,1,1,1,1,1,1,1,1,NA,NA,NA,NA,1,0,0,NA,1,1,1,NA,NA,1,0,1,0,1,1,NA,NA,1,1,NA,NA,1,1,1,1,1,1,1,NA,0,1,1,0,1,1,1,1,NA,1,0,1,0,1,NA,1,0,0,1,0,1,1,0,1,0,1,NA,NA,1,1,0,NA,1,NA,1,NA,NA,1,0,0,1,0,1,1,1,0,0,NA,0,NA,0,1,1,0,1,NA,1,1,1,1,0,1,1,1,1,1,1,1,1,1,1,0,1,1,0,1,1,NA,0,1,1,1,1,1,NA,NA,0,1,1,NA,1
"MOULTON (D IL-15)",1,1,1,1,NA,1,0,1,0,1,1,1,0,1,1,0,1,0,NA,1,0,NA,NA,NA,NA,1,NA,0,0,NA,0,0,NA,NA,0,1,1,1,0,NA,NA,NA,NA,NA,1,NA,NA,NA,0,NA,NA,1,1,1,NA,1,NA,0,1,1,NA,NA,0,1,NA,NA,NA,NA,1,0,1,0,1,1,1,0,1,NA,NA,NA,0,0,1,1,1,1,1,0,NA,0,NA,0,1,1,0,0,NA,NA,NA,1,1,1,0,NA,NA,1,NA,NA,NA,NA,NA,NA,NA,NA,NA,NA,NA,NA,NA,NA,NA,NA,NA,NA,NA,NA,NA,NA,NA,NA,NA,NA,NA,NA,NA,NA,NA,NA,NA,NA,NA,NA,NA,NA,NA,NA,NA,NA,NA,NA,NA,NA,NA,NA,NA,NA,NA,NA,NA,NA,NA,NA,NA,NA,NA,NA,NA,NA,NA,NA,NA,NA,1,NA,NA,1,NA,NA,0,NA,NA,NA,1,NA,0,NA,NA,1,NA,NA,NA,1,1,0,0,0,0,1,1,1,NA,0,NA,NA,NA,NA,NA,0,0,1,0,0,NA,NA,NA,NA,NA,NA,NA,NA,NA,NA,NA,NA,NA,NA,NA,1,1,0,0,1,NA,0,0,0,0,0,1,NA,NA,NA,NA,NA,NA,NA,NA,NA,NA,1,1,1,1,NA,NA,1,1,NA,0,1,1,0,1,1,1,1,0,0,1,1,1,1,NA,1,1,1,1,0,1,1,1,1,1,1,1,1,1,NA,NA,1,1,NA,NA,1,0,0,1,1,0,0,1,0,0,1,1,NA,NA,0,1,1,0,0,0,0,1,NA,0,0,1,0,NA,NA,NA,NA,NA,0,0,0,1,0,NA,0,NA,0,0,NA,1,0,0,NA,NA,NA,NA,NA,NA,NA,NA,NA,NA
"SPARKS (D IL-16)",1,1,1,1,NA,0,0,0,0,0,0,1,0,0,1,NA,NA,NA,NA,NA,NA,NA,1,0,0,NA,1,0,0,1,1,0,1,NA,0,1,1,1,1,0,NA,0,1,0,0,1,1,1,0,1,NA,0,0,1,0,1,1,0,1,NA,NA,NA,NA,NA,0,0,1,1,NA,NA,0,0,1,1,1,0,1,1,1,1,0,0,1,0,1,1,1,1,0,0,1,0,NA,NA,NA,NA,NA,NA,NA,NA,NA,NA,NA,NA,NA,NA,NA,NA,NA,NA,NA,NA,NA,NA,NA,NA,1,1,1,0,0,NA,1,1,1,0,1,1,0,NA,NA,1,NA,NA,NA,1,NA,NA,NA,NA,NA,NA,NA,NA,NA,NA,NA,NA,NA,NA,NA,1,NA,NA,NA,NA,NA,NA,NA,NA,NA,NA,NA,NA,NA,NA,NA,NA,NA,NA,NA,NA,1,NA,NA,1,NA,NA,0,NA,NA,NA,1,NA,0,1,1,NA,1,1,0,NA,NA,1,0,0,NA,NA,1,1,NA,0,NA,NA,NA,NA,NA,NA,NA,NA,NA,NA,NA,NA,NA,NA,NA,NA,NA,NA,NA,NA,NA,NA,NA,NA,NA,NA,NA,NA,NA,NA,NA,NA,NA,NA,NA,NA,NA,NA,NA,NA,NA,NA,NA,NA,NA,NA,NA,NA,NA,NA,NA,NA,NA,NA,NA,NA,NA,NA,NA,NA,NA,NA,NA,NA,NA,0,1,1,1,0,1,1,1,1,1,0,1,1,1,1,1,1,1,1,NA,1,0,1,NA,0,0,1,0,0,1,NA,0,1,0,0,0,1,1,1,1,0,1,1,0,0,0,0,1,1,0,0,1,0,0,0,0,NA,NA,0,0,0,NA,0,0,0,0,0,0,0,1,0,0,NA,NA,NA,1,NA,NA,NA,NA,1,NA
"MORRISON (D IL-17)",1,1,1,NA,0,NA,0,0,1,1,0,1,1,1,1,NA,NA,1,0,NA,NA,0,1,0,1,1,1,0,0,1,1,0,1,NA,0,1,1,1,1,0,1,NA,NA,NA,0,1,1,1,NA,NA,1,NA,1,NA,NA,NA,1,0,1,1,1,1,0,1,NA,NA,NA,NA,NA,NA,NA,NA,NA,1,1,0,0,1,1,1,0,0,1,NA,NA,1,1,0,NA,0,NA,0,NA,1,0,0,0,0,1,NA,1,1,0,1,1,NA,1,0,NA,NA,NA,0,NA,0,0,1,1,1,NA,NA,NA,1,1,1,NA,0,1,0,0,NA,NA,1,NA,NA,NA,1,NA,NA,NA,NA,NA,NA,NA,NA,NA,NA,NA,NA,NA,NA,NA,NA,NA,NA,NA,NA,NA,NA,NA,NA,NA,NA,NA,NA,NA,NA,NA,NA,NA,NA,NA,NA,1,NA,NA,1,NA,NA,0,NA,NA,NA,1,NA,0,NA,NA,1,NA,1,NA,0,NA,1,0,1,0,1,1,1,NA,0,1,0,NA,1,0,0,0,1,0,0,NA,NA,NA,NA,NA,NA,NA,NA,NA,NA,NA,NA,1,NA,NA,1,1,NA,0,1,0,0,1,NA,0,0,0,0,NA,NA,NA,NA,NA,NA,NA,NA,1,1,1,1,1,1,1,1,1,NA,0,1,1,1,1,1,0,1,1,0,NA,1,1,1,NA,1,1,1,1,0,1,1,1,1,1,1,NA,NA,1,NA,NA,1,0,NA,NA,1,1,0,1,1,0,NA,0,0,0,1,1,1,1,0,1,0,0,NA,0,0,1,1,0,0,1,0,NA,0,0,NA,NA,0,0,0,0,NA,0,0,0,0,0,NA,1,0,0,NA,NA,NA,NA,NA,NA,NA,NA,1,NA
"THOMAS (R IL-18)",1,1,0,0,NA,0,1,NA,0,0,1,0,NA,NA,NA,1,NA,0,1,1,0,1,NA,NA,NA,NA,NA,NA,NA,NA,NA,1,0,1,1,0,0,0,0,1,1,NA,NA,NA,NA,NA,NA,NA,1,NA,NA,NA,NA,NA,NA,NA,1,NA,NA,NA,0,0,0,1,1,1,0,0,NA,NA,1,0,1,0,0,1,1,NA,NA,NA,NA,NA,NA,NA,NA,NA,NA,NA,NA,NA,NA,NA,NA,NA,NA,NA,1,0,1,1,0,0,1,0,0,1,NA,1,1,1,1,1,1,0,1,0,0,0,0,NA,1,0,0,0,0,1,0,0,1,1,1,0,1,1,1,0,1,0,0,1,0,0,0,0,0,0,NA,0,0,0,0,0,0,0,0,0,1,0,0,0,0,0,0,1,1,0,1,0,1,1,0,1,0,1,1,0,1,1,1,1,1,1,0,1,1,0,0,1,NA,NA,NA,0,NA,NA,NA,NA,NA,NA,NA,NA,NA,NA,1,1,1,0,1,NA,NA,NA,NA,1,1,1,1,1,0,1,1,1,1,1,1,1,0,1,1,NA,NA,NA,NA,NA,NA,1,1,NA,NA,NA,NA,0,1,0,1,1,NA,1,NA,1,NA,0,1,1,NA,NA,NA,NA,NA,NA,1,0,1,0,0,1,1,0,1,1,1,1,0,0,1,0,0,0,0,1,0,0,0,0,1,0,1,1,NA,1,0,0,1,0,1,1,1,0,0,0,1,1,1,1,1,0,0,0,0,1,0,1,1,0,1,NA,NA,NA,1,NA,0,1,NA,1,1,1,1,NA,1,1,1,1,1,NA,NA,1,1,1,1,1,1,1,1,NA,1,1,1,1,1,0,1
"TOWNSHEND (D IL-19)",1,1,1,1,NA,0,NA,NA,0,NA,1,NA,0,NA,1,0,NA,0,0,1,NA,NA,NA,NA,NA,NA,NA,NA,NA,NA,NA,NA,NA,NA,NA,NA,NA,NA,NA,NA,NA,0,1,NA,NA,NA,NA,NA,NA,NA,NA,NA,NA,NA,NA,1,1,NA,1,NA,1,0,0,1,NA,0,0,0,NA,NA,1,0,1,1,1,0,NA,1,0,1,0,0,1,0,NA,1,NA,NA,NA,0,1,0,0,1,0,0,0,0,1,1,1,1,0,1,0,1,1,1,0,0,NA,NA,1,NA,NA,NA,NA,NA,NA,NA,NA,NA,NA,NA,NA,NA,NA,NA,NA,NA,NA,NA,NA,NA,NA,NA,NA,NA,NA,NA,NA,NA,NA,NA,NA,NA,NA,NA,NA,NA,NA,NA,NA,NA,NA,NA,NA,NA,NA,NA,NA,NA,NA,NA,NA,NA,NA,NA,NA,NA,NA,NA,NA,NA,NA,NA,NA,NA,NA,NA,NA,NA,1,NA,0,1,1,1,1,1,0,1,1,1,NA,NA,NA,0,1,1,NA,0,0,0,0,1,0,0,0,1,NA,0,NA,NA,NA,NA,NA,NA,NA,NA,NA,NA,NA,NA,1,NA,0,1,1,0,0,1,0,0,0,0,NA,NA,0,NA,1,1,0,0,1,0,0,NA,1,NA,1,NA,NA,NA,NA,NA,NA,NA,0,1,1,1,1,NA,0,0,0,NA,NA,1,1,NA,NA,NA,NA,1,1,0,1,1,1,1,1,1,1,1,NA,1,0,1,1,NA,NA,1,0,0,1,1,0,1,0,0,0,1,1,1,1,0,1,0,1,0,0,NA,NA,1,0,0,1,0,0,0,0,NA,NA,0,0,0,0,0,0,0,0,0,0,0,1,0,0,NA,0,0,NA,NA,NA,NA,NA,1,NA
"HEILMAN (R IN-1)",1,1,0,0,1,0,1,1,0,1,1,1,NA,NA,1,1,NA,0,NA,1,0,1,NA,1,1,1,0,1,1,NA,0,1,0,1,1,0,0,0,0,1,1,NA,NA,NA,1,0,1,NA,1,NA,NA,NA,1,NA,NA,0,1,NA,NA,NA,NA,NA,NA,1,NA,1,NA,NA,NA,NA,NA,0,1,0,0,1,1,NA,NA,0,1,1,1,1,0,0,NA,1,1,1,0,1,1,0,1,1,1,0,NA,0,0,0,1,NA,NA,1,1,1,1,1,1,0,1,NA,NA,NA,NA,0,0,1,1,0,0,0,0,1,0,0,1,1,1,0,1,1,1,0,NA,0,0,1,0,0,0,0,0,0,0,0,NA,0,0,NA,NA,0,0,0,1,0,NA,0,0,0,0,1,1,0,1,0,1,1,0,1,0,1,NA,0,1,1,1,1,1,1,0,1,1,0,0,1,NA,NA,NA,NA,NA,NA,0,NA,NA,NA,NA,NA,NA,1,NA,NA,NA,NA,NA,NA,NA,NA,NA,NA,1,1,1,1,0,1,1,1,1,1,1,1,NA,1,NA,NA,NA,NA,NA,NA,NA,NA,NA,NA,NA,NA,NA,NA,NA,NA,NA,NA,NA,NA,NA,NA,NA,0,1,0,0,0,0,0,1,NA,NA,NA,NA,NA,NA,NA,NA,NA,NA,NA,NA,NA,NA,NA,NA,NA,0,0,0,1,0,0,0,1,1,0,1,1,1,0,0,0,1,NA,NA,0,1,1,0,0,1,1,1,1,1,0,0,0,0,1,0,1,1,1,1,1,1,NA,1,1,0,1,1,1,1,1,1,1,1,1,0,0,NA,1,0,1,1,NA,0,1,1,1,1,1,1,1,1,NA,NA,0,1
"COBB (D IN-2)",1,1,1,1,NA,1,0,0,0,1,0,1,1,0,1,0,1,1,0,0,1,0,1,0,0,0,1,0,0,NA,0,0,1,NA,0,1,1,1,1,0,1,0,1,0,0,1,1,1,0,1,0,NA,0,1,0,1,1,0,0,1,1,1,0,1,0,0,1,NA,NA,0,1,0,1,1,1,0,0,1,0,1,0,0,1,0,0,NA,NA,NA,NA,NA,NA,NA,NA,1,0,0,0,NA,NA,NA,1,1,0,1,NA,NA,1,NA,NA,NA,NA,NA,NA,NA,NA,NA,1,1,1,0,0,1,1,0,1,0,1,1,0,NA,NA,1,NA,NA,NA,1,NA,NA,NA,NA,NA,NA,NA,NA,NA,NA,NA,NA,NA,NA,NA,NA,NA,NA,NA,NA,NA,NA,NA,NA,NA,NA,NA,NA,NA,NA,NA,NA,NA,NA,NA,NA,1,NA,NA,1,NA,NA,NA,NA,NA,NA,1,NA,0,1,1,1,1,1,0,1,1,0,0,0,0,0,1,0,NA,0,1,0,0,1,0,0,1,1,0,0,NA,NA,NA,NA,NA,NA,NA,NA,NA,NA,NA,NA,NA,NA,0,NA,NA,NA,NA,NA,NA,NA,NA,NA,NA,NA,NA,NA,NA,NA,NA,NA,NA,NA,NA,NA,NA,NA,1,1,1,1,1,1,1,1,1,0,1,0,0,1,0,NA,0,0,1,1,1,1,1,1,1,1,1,0,1,1,1,1,1,1,1,1,1,1,0,1,0,NA,NA,NA,0,0,0,NA,0,0,0,0,NA,1,1,1,1,0,1,0,0,0,0,0,1,NA,0,0,1,0,NA,0,NA,NA,NA,0,0,0,0,0,0,0,0,0,0,0,1,0,0,NA,NA,NA,0,NA,NA,NA,NA,NA,NA
"STOCKSLAGER (D IN-3)",1,1,1,1,NA,1,0,0,0,0,0,1,0,0,1,0,1,1,0,0,1,0,1,0,1,0,0,0,0,1,1,0,1,NA,0,1,1,1,1,0,0,NA,NA,NA,0,1,1,0,0,0,NA,0,0,1,1,1,1,0,0,1,1,1,0,1,0,0,1,NA,NA,NA,0,0,1,NA,1,NA,NA,NA,NA,NA,NA,NA,1,NA,0,1,0,1,0,0,1,0,0,1,0,0,0,0,1,1,NA,1,0,1,1,1,0,0,NA,NA,NA,0,1,0,0,1,1,1,1,0,0,1,1,0,1,0,1,1,0,NA,NA,1,NA,NA,NA,1,NA,NA,NA,NA,NA,NA,NA,NA,NA,NA,NA,NA,NA,NA,NA,1,NA,NA,NA,NA,NA,NA,NA,NA,NA,NA,NA,NA,NA,NA,NA,NA,NA,NA,NA,NA,1,NA,NA,1,NA,NA,NA,NA,NA,NA,NA,NA,NA,NA,NA,NA,NA,1,0,1,NA,0,NA,0,0,NA,NA,NA,NA,0,1,0,0,NA,0,NA,NA,NA,NA,NA,NA,NA,NA,NA,NA,NA,NA,NA,NA,NA,NA,NA,NA,NA,NA,NA,NA,NA,NA,1,0,0,0,0,0,0,0,1,1,NA,NA,0,1,0,0,0,1,NA,1,1,1,1,1,1,1,1,0,0,1,1,0,1,0,1,0,0,1,0,1,1,0,1,1,1,1,0,1,1,1,1,1,1,1,1,1,1,0,1,1,NA,NA,1,0,0,0,0,0,0,0,0,0,1,1,1,1,0,1,0,0,0,0,0,1,1,0,0,0,0,0,0,0,NA,NA,0,0,0,0,0,0,0,0,0,0,0,1,0,0,NA,NA,NA,NA,NA,NA,NA,NA,1,NA
"HOLMAN (D IN-4)",1,1,1,1,NA,1,0,0,0,0,0,1,1,0,1,0,1,1,0,0,1,0,1,0,1,0,1,0,0,1,1,0,1,NA,0,1,1,1,1,0,0,0,1,0,0,1,NA,1,1,1,0,0,0,1,0,1,1,0,1,1,1,1,0,1,0,0,1,1,NA,NA,0,0,1,0,1,0,0,1,0,0,0,0,1,0,0,1,0,1,0,0,1,0,0,1,0,0,0,1,0,0,1,NA,0,1,1,1,0,0,0,NA,NA,0,1,0,0,NA,1,1,1,0,0,1,1,0,1,0,1,1,0,NA,NA,1,NA,NA,NA,1,NA,NA,NA,NA,NA,NA,NA,NA,NA,NA,NA,NA,NA,NA,NA,1,NA,NA,NA,NA,NA,NA,NA,NA,NA,NA,NA,NA,NA,NA,NA,NA,NA,NA,NA,NA,1,NA,NA,1,NA,NA,0,NA,0,0,1,NA,0,1,1,0,1,1,0,1,1,0,0,1,0,0,1,1,NA,0,0,0,0,1,0,0,0,1,0,0,NA,NA,NA,NA,NA,NA,NA,NA,NA,NA,NA,NA,NA,NA,NA,NA,NA,0,0,1,0,0,0,0,0,0,0,1,1,1,1,0,1,0,0,0,1,0,1,1,1,1,1,1,1,1,0,0,1,1,0,1,1,1,0,0,1,1,1,1,0,1,1,1,1,0,1,1,1,1,1,1,1,1,1,1,0,1,0,0,1,1,0,0,0,0,0,0,0,0,0,1,1,1,1,0,1,0,0,1,0,0,1,1,0,0,0,0,0,0,0,NA,NA,0,0,0,0,0,0,0,0,0,0,0,1,0,0,NA,0,NA,1,NA,NA,NA,NA,1,NA
"MATSON (D IN-5)",1,1,1,1,NA,1,0,1,0,NA,0,1,1,0,1,0,NA,NA,0,0,1,0,NA,0,NA,0,0,0,0,1,1,0,1,NA,0,1,1,1,1,0,NA,NA,NA,NA,0,1,1,1,0,NA,0,0,0,NA,0,1,1,0,NA,1,NA,1,0,1,0,0,1,NA,NA,0,0,0,1,1,1,NA,NA,1,0,1,0,0,1,0,0,1,NA,1,0,0,1,0,0,1,0,0,0,0,NA,0,NA,1,0,NA,NA,1,0,0,NA,NA,NA,NA,NA,NA,NA,NA,NA,1,1,0,0,1,1,0,NA,0,1,1,0,NA,NA,1,NA,NA,NA,1,NA,NA,NA,NA,NA,NA,NA,NA,NA,NA,NA,NA,NA,NA,NA,1,NA,NA,NA,NA,NA,NA,NA,NA,NA,NA,NA,NA,NA,NA,NA,NA,NA,NA,NA,NA,NA,NA,NA,NA,NA,NA,NA,NA,NA,NA,1,NA,0,NA,1,0,1,1,0,NA,NA,NA,NA,0,0,0,1,0,NA,0,1,0,0,1,0,0,0,1,0,0,NA,NA,NA,NA,NA,NA,NA,NA,NA,NA,NA,NA,1,NA,NA,NA,NA,NA,0,1,0,0,0,NA,0,0,0,0,NA,NA,NA,NA,NA,NA,NA,NA,NA,0,1,1,0,1,1,1,1,NA,0,1,0,1,1,NA,NA,NA,NA,0,1,1,1,1,1,NA,1,NA,NA,0,1,1,1,1,1,1,1,NA,1,1,0,1,0,NA,NA,1,0,0,0,1,NA,0,0,0,0,1,1,1,1,0,1,NA,0,0,0,0,1,NA,0,0,0,0,NA,NA,NA,NA,NA,0,0,0,NA,NA,0,0,0,0,0,0,1,0,NA,NA,NA,NA,NA,NA,NA,NA,NA,NA,NA
"BROWNE (R IN-6)",1,1,0,0,NA,0,1,1,0,0,1,NA,0,NA,1,1,0,1,0,1,0,1,NA,1,0,1,1,1,NA,NA,1,1,0,1,1,0,0,0,NA,NA,1,NA,NA,NA,1,0,1,1,0,NA,1,1,1,NA,1,0,NA,NA,NA,0,NA,0,0,1,1,1,0,NA,NA,NA,1,1,0,NA,0,1,1,0,1,1,1,1,NA,NA,0,1,0,1,1,1,0,1,1,0,1,1,1,1,0,NA,NA,0,1,1,NA,NA,1,1,1,1,1,0,1,0,0,NA,NA,NA,NA,1,NA,NA,NA,NA,NA,NA,NA,NA,NA,NA,NA,0,1,1,1,NA,1,0,0,1,0,0,NA,0,NA,0,0,0,0,0,0,NA,NA,0,0,0,1,0,0,0,0,0,0,1,1,0,1,0,1,1,0,1,1,1,NA,0,1,1,1,1,1,1,0,1,1,1,1,1,0,0,1,1,0,1,0,1,0,1,1,0,0,1,1,1,1,0,1,1,0,0,0,NA,1,1,1,1,0,1,1,1,1,1,1,1,0,1,0,1,0,1,1,0,1,0,0,0,0,0,1,0,1,0,1,0,0,1,NA,NA,NA,NA,1,1,1,1,1,1,1,1,1,0,1,0,0,1,1,0,0,NA,NA,1,NA,1,1,0,0,0,1,0,1,NA,1,1,0,1,1,1,1,0,0,0,NA,0,NA,NA,1,1,0,0,1,0,NA,1,NA,NA,NA,0,0,1,1,1,1,1,0,0,1,1,1,1,0,NA,1,1,1,NA,1,1,0,1,NA,0,0,1,0,1,1,NA,0,1,1,1,1,1,NA,0,NA,0,0,1,1
"PEELLE (R IN-7)",1,1,0,0,1,1,1,1,0,0,1,1,0,1,1,1,0,0,1,1,NA,1,0,1,1,1,0,1,1,0,0,1,0,1,1,0,0,0,0,1,1,1,0,1,1,0,1,1,1,1,1,0,1,0,1,0,1,1,0,0,0,0,0,1,1,1,0,0,1,1,1,1,1,0,0,1,NA,0,1,0,1,1,1,1,0,1,0,1,1,1,0,1,1,0,1,1,1,0,1,0,0,0,1,0,0,1,1,1,1,1,1,0,1,0,0,0,0,1,0,1,1,0,1,0,1,1,0,0,1,1,1,0,1,1,1,0,1,0,0,1,0,0,0,0,0,0,0,0,0,0,0,0,0,0,0,0,1,0,0,0,0,0,0,1,1,0,1,0,1,1,0,1,0,1,1,0,1,1,1,1,1,1,0,1,1,0,1,1,0,0,1,0,0,1,0,1,0,0,0,0,0,1,1,1,1,0,1,1,1,0,1,1,1,1,1,1,0,1,1,1,1,1,1,1,0,1,0,1,0,1,1,0,1,0,0,0,0,0,1,0,0,0,1,0,0,1,1,1,1,1,1,1,0,0,0,0,1,1,1,0,1,0,0,1,1,0,1,1,0,1,0,1,1,0,0,0,0,1,0,0,0,1,1,0,1,1,1,1,0,0,1,1,1,0,1,1,0,0,1,1,1,1,1,0,0,0,0,1,0,1,1,1,1,0,1,1,0,1,0,1,1,1,1,1,1,1,1,1,0,0,0,0,0,1,1,0,1,1,1,1,1,1,1,1,1,1,1,0,1
"PEIRCE (R IN-8)",1,1,0,0,1,1,1,NA,NA,NA,NA,NA,NA,NA,NA,NA,0,0,1,1,0,1,0,1,1,1,0,1,1,0,0,1,0,1,1,0,0,0,0,1,1,1,0,1,1,0,1,1,1,1,1,1,NA,NA,NA,NA,NA,NA,NA,0,NA,NA,NA,NA,NA,NA,NA,NA,NA,NA,NA,NA,NA,NA,NA,NA,NA,NA,NA,NA,1,1,1,1,0,1,0,1,1,1,1,1,1,0,1,1,1,0,1,1,0,0,1,0,0,1,1,1,1,1,1,1,1,0,0,0,0,1,0,1,1,0,0,0,0,1,0,0,1,1,1,0,1,1,1,0,1,0,0,1,0,0,0,0,0,0,0,0,0,0,0,0,0,0,0,0,1,0,0,0,0,0,0,1,1,0,1,0,1,1,0,1,0,1,1,0,1,1,1,1,1,1,0,1,1,0,1,1,NA,NA,NA,0,NA,NA,1,1,0,0,0,0,0,1,1,1,1,0,1,1,1,0,NA,1,1,1,1,1,0,1,1,1,1,1,1,1,0,1,0,1,1,1,1,0,1,1,1,0,1,1,1,0,1,0,1,1,0,1,1,1,NA,0,1,1,0,0,0,0,1,1,1,0,1,0,0,NA,NA,NA,NA,NA,0,1,0,1,1,NA,0,0,0,1,0,0,0,0,1,0,1,1,1,1,0,0,1,0,1,0,1,1,0,0,1,1,1,1,1,0,0,0,0,1,0,1,1,1,1,0,1,1,1,1,0,1,1,1,1,1,1,1,1,1,0,0,1,0,0,1,1,1,1,1,1,1,1,1,1,1,1,1,1,0,1
"ORTH (R IN-9)",1,1,0,0,NA,1,1,1,0,0,0,1,NA,NA,1,1,0,0,NA,1,0,1,NA,1,1,1,NA,1,1,NA,NA,1,0,1,1,0,0,0,0,NA,NA,NA,NA,NA,1,NA,NA,NA,0,NA,NA,1,1,0,1,0,1,1,0,NA,0,0,0,1,NA,1,NA,NA,NA,NA,1,1,0,1,1,NA,NA,1,1,1,1,1,0,1,0,1,1,1,1,1,1,1,1,0,1,1,1,1,1,0,NA,0,0,0,0,1,1,NA,NA,NA,NA,NA,NA,NA,NA,NA,NA,0,0,1,1,0,0,0,0,1,0,0,1,1,1,0,1,1,1,0,1,0,0,1,0,0,NA,1,0,0,0,0,0,0,0,NA,NA,0,0,0,1,0,0,0,0,0,0,1,NA,0,1,0,1,1,0,1,0,1,NA,0,1,1,1,1,1,1,NA,NA,NA,NA,NA,NA,NA,NA,NA,NA,0,1,1,0,0,NA,1,0,0,1,1,1,1,0,1,1,1,0,1,1,1,1,1,1,0,1,1,1,1,1,1,1,NA,NA,NA,NA,NA,1,NA,NA,NA,NA,NA,NA,NA,NA,NA,NA,NA,NA,NA,NA,NA,NA,NA,NA,NA,NA,NA,NA,NA,NA,NA,NA,NA,NA,NA,NA,NA,NA,NA,NA,NA,NA,NA,NA,NA,NA,NA,NA,NA,NA,NA,NA,NA,NA,NA,NA,NA,NA,NA,NA,NA,NA,NA,NA,NA,NA,NA,NA,NA,NA,NA,NA,NA,NA,NA,NA,NA,NA,NA,NA,NA,NA,NA,NA,NA,NA,NA,NA,NA,NA,NA,NA,NA,NA,NA,NA,NA,NA,NA,NA,NA,NA,NA,NA,NA,NA,NA,NA,NA,NA,NA,NA,NA,NA,NA,NA,NA,NA,NA,NA,NA,NA,NA,NA,NA
"DOXEY (R IN-9)",NA,NA,NA,NA,NA,NA,NA,NA,NA,NA,NA,NA,NA,NA,NA,NA,NA,NA,NA,NA,NA,NA,NA,NA,NA,NA,NA,NA,NA,NA,NA,NA,NA,NA,NA,NA,NA,NA,NA,NA,NA,NA,NA,NA,NA,NA,NA,NA,NA,NA,NA,NA,NA,NA,NA,NA,NA,NA,NA,NA,NA,NA,NA,NA,NA,NA,NA,NA,NA,NA,NA,NA,NA,NA,NA,NA,NA,NA,NA,NA,NA,NA,NA,NA,NA,NA,NA,NA,NA,NA,NA,NA,NA,NA,NA,NA,NA,NA,NA,NA,NA,NA,NA,NA,NA,NA,NA,NA,NA,NA,NA,NA,NA,NA,NA,NA,NA,NA,NA,NA,NA,NA,NA,NA,NA,NA,NA,NA,NA,NA,NA,NA,NA,NA,NA,NA,NA,NA,NA,NA,NA,NA,NA,NA,NA,NA,NA,NA,NA,NA,NA,NA,NA,NA,NA,NA,NA,NA,NA,NA,NA,NA,NA,NA,NA,NA,NA,NA,NA,NA,NA,NA,NA,NA,NA,NA,NA,NA,NA,NA,NA,NA,NA,NA,NA,NA,NA,NA,NA,NA,NA,NA,NA,NA,NA,NA,NA,NA,NA,NA,NA,NA,NA,NA,NA,NA,NA,NA,NA,NA,NA,NA,NA,NA,NA,NA,NA,NA,NA,NA,NA,NA,NA,NA,NA,NA,NA,NA,NA,NA,NA,NA,NA,NA,NA,NA,NA,NA,NA,NA,NA,NA,NA,NA,NA,NA,NA,NA,NA,NA,NA,NA,NA,NA,NA,NA,NA,NA,NA,NA,NA,NA,NA,NA,NA,NA,NA,NA,NA,NA,NA,NA,NA,NA,NA,NA,NA,NA,NA,NA,NA,NA,NA,NA,NA,NA,NA,NA,NA,NA,1,0,1,NA,NA,NA,0,0,1,1,1,1,1,0,0,0,NA,1,0,1,1,1,NA,NA,1,NA,0,1,0,1,1,1,1,1,NA,NA,1,1,0,0,0,0,0,1,1,NA,NA,1,1,1,1,1,1,1,NA,1,1,0,1
"DEMOTTE (R IN-10)",1,1,0,0,1,1,1,1,0,NA,0,0,1,1,1,1,0,0,1,1,0,1,NA,1,1,1,NA,1,1,0,0,1,0,1,1,0,0,0,1,1,NA,0,NA,NA,1,0,1,1,0,NA,NA,1,1,0,NA,NA,NA,1,0,0,NA,0,0,1,1,1,0,0,1,1,1,1,1,0,0,1,NA,0,1,1,1,1,1,1,0,1,0,1,NA,1,0,1,1,0,1,1,1,0,1,1,0,0,1,0,NA,1,NA,1,1,1,1,NA,1,0,NA,NA,NA,0,0,1,1,0,0,0,0,1,0,0,1,1,1,0,1,1,1,0,1,0,0,1,0,0,0,0,0,0,0,0,0,0,0,0,0,0,0,0,1,0,0,0,0,0,0,1,1,0,1,0,1,1,0,1,0,1,1,0,1,1,1,1,1,1,0,1,1,0,1,1,0,0,1,0,0,1,1,1,1,1,0,NA,0,1,1,1,1,0,1,1,1,0,1,1,1,1,1,1,0,1,1,1,1,1,1,1,0,1,0,1,0,1,1,0,1,1,1,0,1,1,1,0,1,0,1,1,0,1,1,1,0,NA,NA,NA,0,NA,NA,1,1,1,1,0,1,1,1,1,1,1,NA,NA,NA,1,0,1,1,NA,0,0,1,1,1,0,0,1,0,0,1,1,1,1,0,NA,1,NA,NA,0,1,1,0,0,1,1,1,1,1,0,0,0,0,1,1,1,1,1,0,0,1,NA,1,1,NA,NA,1,1,1,1,NA,1,1,1,1,0,NA,0,1,1,1,1,1,1,1,1,1,1,1,1,1,1,1,0,1
"STEELE (R IN-11)",1,1,0,0,1,0,1,1,0,0,1,0,0,1,1,1,0,0,1,1,NA,0,0,1,NA,1,0,NA,1,0,0,1,0,1,1,0,0,0,1,NA,1,0,1,NA,1,NA,1,1,1,1,1,1,1,0,1,NA,1,1,0,0,0,0,0,1,NA,NA,NA,NA,NA,NA,NA,NA,NA,0,0,1,1,1,1,NA,1,1,1,NA,0,1,0,1,1,1,1,1,NA,0,1,1,1,0,0,0,0,0,1,0,0,NA,1,NA,1,1,1,0,1,0,NA,NA,NA,1,NA,NA,NA,NA,0,1,1,1,NA,NA,NA,1,1,0,1,1,1,0,1,0,0,1,0,0,0,0,0,0,NA,0,0,0,0,0,0,0,0,0,1,0,0,0,0,0,0,1,1,0,1,0,1,1,0,1,0,1,1,0,1,1,1,1,1,1,0,1,1,0,0,1,0,0,1,0,NA,1,0,NA,NA,NA,NA,NA,0,NA,1,1,NA,NA,1,NA,1,0,1,1,1,1,1,1,0,1,1,1,1,1,1,1,0,1,0,NA,NA,1,1,1,1,0,0,0,0,0,1,NA,NA,NA,NA,NA,NA,NA,NA,NA,NA,0,1,1,0,1,0,NA,1,1,1,0,1,0,NA,NA,NA,NA,NA,1,0,1,0,0,1,0,1,0,0,1,0,NA,NA,0,1,0,1,1,1,1,0,0,1,0,1,0,1,1,0,0,1,1,1,1,1,0,0,0,0,NA,0,1,1,1,0,0,1,1,0,1,0,1,1,1,1,1,1,1,1,1,0,0,0,0,0,1,1,1,1,1,1,1,1,1,1,1,1,1,1,1,1
"COLERICK (D IN-12)",1,1,1,1,0,1,0,0,0,0,0,0,0,NA,1,0,1,1,NA,0,1,0,1,0,0,0,1,0,0,1,0,0,1,NA,0,1,1,1,NA,0,0,NA,NA,NA,0,1,1,NA,0,NA,NA,NA,0,1,1,1,1,1,0,1,1,0,0,1,NA,NA,NA,NA,NA,NA,NA,NA,NA,NA,NA,NA,NA,1,0,1,0,0,1,0,0,1,0,1,0,0,1,0,0,1,0,0,0,0,1,1,1,1,0,1,0,1,1,0,NA,NA,NA,0,1,0,0,1,1,NA,1,0,0,1,1,0,1,0,1,1,0,NA,NA,0,NA,NA,NA,1,NA,NA,NA,NA,NA,NA,NA,NA,NA,NA,NA,NA,NA,NA,NA,1,NA,NA,NA,NA,NA,NA,NA,NA,NA,NA,NA,NA,NA,NA,NA,NA,NA,NA,NA,NA,NA,NA,NA,1,NA,NA,0,NA,NA,NA,NA,NA,NA,NA,NA,NA,NA,NA,NA,NA,NA,NA,NA,NA,NA,NA,NA,NA,NA,0,1,0,NA,1,0,NA,NA,NA,NA,NA,NA,NA,NA,NA,NA,NA,NA,NA,NA,NA,NA,NA,1,NA,0,1,1,0,0,1,0,0,0,0,0,0,0,1,0,1,0,0,1,0,0,0,NA,NA,NA,NA,NA,NA,NA,NA,NA,NA,NA,NA,NA,NA,NA,NA,NA,NA,NA,NA,NA,NA,NA,NA,NA,NA,NA,NA,NA,NA,NA,NA,NA,NA,NA,NA,NA,NA,NA,1,NA,NA,NA,NA,NA,NA,NA,NA,NA,NA,1,0,0,0,0,1,1,1,1,NA,1,1,0,0,0,0,1,1,0,0,0,0,0,0,0,NA,NA,0,0,0,NA,0,0,0,0,0,0,0,1,0,0,NA,NA,NA,0,NA,NA,NA,NA,NA,NA
"CALKINS (R IN-13)",1,1,0,0,1,0,0,1,0,0,1,0,NA,1,1,1,0,0,NA,0,0,1,NA,1,1,1,0,NA,1,0,0,1,0,NA,1,0,0,NA,NA,NA,1,1,0,1,1,0,1,1,1,1,NA,1,1,NA,1,0,1,1,0,0,0,0,0,1,1,1,NA,0,1,1,1,0,1,0,0,1,1,0,1,NA,1,1,1,1,0,1,0,NA,NA,1,0,1,1,0,1,1,1,NA,NA,1,NA,0,1,NA,NA,1,NA,NA,NA,NA,NA,0,1,0,1,0,0,1,0,1,1,0,0,0,0,1,0,0,1,1,1,0,1,1,1,0,1,0,0,1,0,0,0,0,0,0,0,0,0,0,0,0,0,0,0,0,1,0,0,0,0,0,0,1,NA,0,1,0,1,1,0,1,0,1,1,0,1,1,1,1,1,1,0,1,1,NA,1,1,0,0,1,0,0,1,1,NA,NA,1,1,NA,0,1,NA,NA,NA,NA,NA,NA,NA,NA,NA,NA,1,1,1,1,0,1,1,0,1,1,1,1,0,1,NA,0,0,1,NA,0,1,NA,NA,0,1,1,1,NA,NA,NA,1,1,0,NA,1,1,NA,NA,NA,0,0,0,NA,NA,1,NA,1,0,1,0,0,NA,NA,NA,NA,1,0,NA,0,1,NA,NA,0,NA,NA,NA,1,NA,NA,1,NA,0,1,1,1,1,0,0,1,NA,1,NA,1,1,0,NA,1,0,1,1,NA,0,0,0,0,1,0,NA,1,NA,NA,NA,1,NA,1,1,0,1,1,1,1,1,1,1,1,1,NA,1,1,0,NA,1,1,1,1,1,0,0,0,0,1,0,NA,1,0,NA,NA
"MCCOID (R IA-1)",1,1,0,0,1,0,1,1,NA,1,1,1,NA,1,1,1,NA,NA,1,NA,0,1,0,NA,0,1,0,NA,1,NA,NA,1,0,1,1,0,0,0,0,1,1,NA,NA,NA,1,0,NA,1,1,1,0,1,1,0,1,NA,1,1,0,0,0,0,0,1,0,1,0,0,1,1,NA,1,0,0,0,1,1,0,0,0,1,1,0,1,0,1,0,1,1,1,1,1,1,0,1,1,1,NA,1,1,0,0,0,0,0,1,NA,1,1,1,1,NA,1,0,0,0,NA,0,NA,NA,NA,NA,1,NA,NA,NA,NA,0,1,1,NA,0,1,1,1,0,1,NA,0,1,0,0,0,NA,0,NA,0,NA,0,0,0,0,0,NA,0,0,1,0,0,0,0,0,0,1,1,0,1,0,1,1,0,1,0,1,1,0,1,1,1,1,1,1,0,1,1,0,NA,1,0,0,1,0,0,1,1,1,1,1,0,0,NA,NA,NA,NA,NA,NA,NA,NA,1,NA,NA,1,1,1,1,1,0,1,1,1,1,1,1,1,0,1,1,NA,NA,1,1,NA,NA,1,1,1,1,1,1,0,NA,NA,0,1,0,1,1,NA,NA,0,1,1,1,1,1,1,1,NA,0,0,1,0,0,1,1,0,0,1,1,NA,NA,NA,1,0,0,0,1,0,0,0,0,1,0,0,1,1,NA,1,0,NA,1,NA,NA,NA,1,1,0,0,1,0,1,1,1,0,0,NA,NA,NA,0,1,0,1,1,NA,NA,NA,0,1,0,1,1,1,1,1,1,0,0,1,NA,NA,NA,1,1,1,1,NA,0,1,1,1,NA,1,NA,1,NA,NA,NA,0,1
"FARWELL (R IA-2)",1,1,0,0,1,NA,0,1,0,1,1,1,1,NA,1,1,1,1,1,1,0,1,0,1,0,1,0,1,1,0,0,1,0,1,NA,NA,NA,0,0,1,1,NA,NA,NA,1,0,1,1,0,1,0,0,1,1,1,0,1,1,0,0,0,0,0,1,1,1,0,0,1,1,1,1,0,0,0,1,1,0,1,1,1,1,0,1,0,1,0,1,1,1,0,1,1,0,1,1,1,0,1,0,0,0,0,0,0,1,1,1,NA,NA,1,1,1,0,0,0,0,0,0,1,1,0,0,1,0,1,0,0,1,1,1,0,1,1,1,0,1,0,0,1,0,0,0,0,0,0,0,0,0,0,0,0,0,0,0,0,1,0,0,NA,0,0,0,1,1,0,1,0,1,1,0,1,0,1,NA,0,1,1,1,NA,1,1,0,1,1,0,0,1,0,0,1,1,0,1,1,1,0,1,0,0,0,1,1,1,1,0,1,1,1,0,1,1,1,1,1,1,0,1,1,1,1,1,1,1,0,1,1,1,0,1,1,0,1,1,1,1,1,1,1,0,0,0,1,1,1,1,1,1,NA,0,1,1,0,1,1,1,1,1,0,0,1,1,0,1,1,1,NA,1,0,1,0,1,1,0,0,0,1,0,0,0,0,1,0,NA,1,1,1,0,NA,1,1,1,1,1,NA,NA,0,0,1,1,1,1,1,0,0,0,0,1,0,1,1,1,1,0,1,1,1,1,0,1,1,1,1,1,1,1,NA,1,0,0,1,1,1,1,1,0,0,1,1,1,1,1,1,1,1,NA,NA,0,1
"UPDEGRAFF (R IA-3)",1,1,0,0,1,NA,0,1,0,0,1,0,1,1,1,0,1,1,1,0,1,0,NA,NA,1,NA,0,1,1,NA,1,1,0,1,1,0,0,NA,0,1,NA,0,1,NA,1,NA,NA,0,0,1,NA,1,1,1,1,0,1,1,0,NA,NA,0,0,1,1,1,0,NA,NA,NA,1,1,0,0,0,1,1,0,1,NA,NA,NA,NA,NA,NA,1,0,1,NA,1,0,1,1,0,1,1,1,NA,NA,0,1,0,0,0,0,1,NA,1,NA,NA,NA,1,1,1,1,0,0,0,0,1,1,0,0,1,0,1,0,0,1,1,1,0,1,1,1,0,1,0,0,1,0,0,NA,0,0,0,0,0,0,NA,0,0,0,0,0,0,1,0,0,0,0,0,NA,1,1,0,1,0,1,1,0,1,0,1,1,0,1,1,1,1,1,1,0,1,1,0,NA,1,0,0,1,1,NA,1,0,0,0,1,0,0,NA,NA,0,1,1,1,1,1,1,1,1,1,1,1,1,1,0,1,1,1,1,1,1,1,0,NA,0,NA,NA,NA,NA,0,0,0,1,0,0,0,NA,0,NA,0,0,0,1,0,1,1,NA,NA,NA,1,1,1,1,1,1,NA,1,0,0,0,0,1,1,0,0,1,0,1,0,1,1,0,0,0,1,0,0,0,0,NA,0,0,1,1,1,1,NA,1,1,0,1,1,1,1,0,0,1,0,1,1,1,0,0,0,0,1,0,1,1,1,0,1,1,NA,1,1,0,1,NA,NA,NA,NA,NA,1,0,0,0,0,0,NA,0,NA,1,NA,0,1,1,1,1,1,NA,NA,NA,NA,NA,0,1
"DEERING (R IA-4)",1,1,0,0,1,0,1,1,NA,0,1,0,NA,NA,NA,1,0,0,NA,1,0,1,NA,1,1,1,NA,1,1,0,0,1,0,1,1,0,0,0,1,NA,NA,NA,NA,NA,1,0,NA,1,NA,1,1,1,1,0,1,0,1,1,0,0,NA,0,0,1,1,1,0,NA,NA,NA,1,1,0,0,0,1,1,NA,NA,0,1,1,0,1,0,NA,NA,NA,NA,1,NA,1,1,0,1,1,1,NA,NA,NA,0,0,1,0,0,1,NA,1,1,1,1,0,1,0,NA,0,NA,0,0,1,1,0,0,0,0,1,0,0,1,1,1,0,1,1,1,0,1,0,0,1,0,0,0,0,0,0,0,NA,0,0,0,0,0,0,0,0,1,0,0,0,0,0,0,1,1,0,1,0,1,1,0,1,0,1,NA,0,1,1,1,1,1,1,0,1,1,0,0,1,0,0,1,0,0,1,0,NA,0,1,0,0,0,1,1,1,1,0,1,1,1,0,NA,1,1,1,1,1,0,1,1,1,1,1,1,1,0,1,1,NA,0,1,NA,0,1,NA,1,1,NA,1,1,0,NA,0,1,0,0,NA,NA,NA,NA,NA,1,1,1,1,NA,1,1,NA,1,0,NA,1,0,NA,1,0,1,1,0,1,0,1,1,0,0,0,1,0,0,0,0,NA,0,0,1,1,1,1,NA,0,1,NA,NA,0,1,1,0,0,1,1,1,NA,1,NA,NA,NA,0,1,0,1,1,1,1,1,1,NA,0,1,0,1,1,1,1,1,1,1,1,1,0,0,NA,1,1,1,1,1,0,1,1,1,NA,1,1,NA,NA,NA,NA,0,1
"THOMPSON (R IA-5)",1,1,0,0,NA,NA,1,1,1,1,1,1,0,1,1,1,0,0,NA,1,0,NA,0,1,1,1,NA,1,1,NA,1,1,NA,NA,1,0,0,0,0,NA,NA,NA,NA,NA,0,0,1,1,1,NA,NA,NA,1,0,1,0,1,1,0,0,0,0,0,1,1,1,NA,NA,1,1,1,1,0,NA,0,1,0,0,NA,NA,1,1,0,1,0,1,NA,1,1,1,0,1,1,0,1,1,1,0,NA,1,0,0,1,0,0,1,1,1,1,NA,1,1,1,1,1,0,NA,0,0,1,1,0,0,0,0,1,0,0,1,1,1,0,1,1,1,NA,1,0,0,1,0,0,0,0,0,0,0,0,0,0,0,0,0,0,0,0,1,0,0,0,0,0,0,1,1,0,1,0,1,1,0,1,0,1,1,0,1,1,1,1,1,1,0,1,1,0,0,1,0,0,1,0,0,1,0,1,0,1,0,0,0,1,1,1,1,0,1,1,1,0,1,1,1,1,1,1,0,1,1,1,1,1,1,1,NA,1,1,NA,NA,NA,NA,NA,NA,NA,NA,NA,NA,NA,NA,NA,NA,NA,NA,NA,NA,NA,NA,NA,NA,1,1,1,1,1,1,1,1,NA,1,0,1,1,0,1,1,NA,0,1,NA,1,0,1,1,0,0,0,0,0,0,0,0,1,1,0,1,1,1,0,0,0,1,1,NA,1,1,1,0,0,1,1,NA,NA,NA,0,0,NA,NA,NA,NA,NA,NA,NA,NA,NA,NA,NA,NA,NA,NA,NA,NA,NA,NA,NA,NA,NA,NA,NA,NA,NA,NA,NA,NA,NA,NA,NA,NA,NA,NA,NA,NA,NA,NA,NA,NA,NA,NA,NA,NA
"CUTTS (R IA-6)",1,1,0,NA,NA,NA,NA,NA,NA,NA,NA,NA,NA,NA,NA,NA,NA,NA,NA,NA,NA,NA,NA,NA,NA,NA,NA,NA,NA,NA,NA,NA,NA,NA,NA,NA,NA,NA,NA,NA,NA,NA,NA,NA,NA,NA,NA,NA,0,1,0,1,1,0,1,NA,1,NA,NA,NA,NA,NA,NA,NA,NA,NA,NA,NA,NA,NA,NA,NA,0,NA,NA,NA,NA,NA,NA,NA,NA,NA,NA,NA,NA,NA,NA,NA,NA,NA,NA,NA,1,0,1,1,1,0,NA,0,0,0,0,0,0,1,1,1,1,1,1,0,1,NA,NA,0,0,1,0,1,1,0,1,1,0,1,NA,0,0,1,1,0,1,1,1,0,1,0,0,1,0,0,NA,0,0,0,0,0,0,0,0,0,0,0,0,0,1,0,0,0,0,0,0,1,1,0,1,0,1,1,0,1,0,1,1,0,1,1,1,NA,1,1,0,1,1,0,0,1,0,0,1,1,0,NA,NA,NA,0,NA,0,NA,0,0,NA,NA,NA,0,1,1,0,0,NA,NA,1,1,1,1,0,1,1,1,1,NA,NA,1,0,1,0,1,NA,1,1,0,1,0,1,0,0,0,1,0,NA,NA,0,NA,NA,NA,NA,NA,NA,NA,NA,NA,NA,NA,NA,1,1,1,NA,NA,0,1,1,1,NA,NA,NA,NA,NA,NA,NA,NA,1,0,NA,0,1,0,0,0,0,1,0,0,1,NA,1,1,0,1,1,NA,NA,1,1,1,0,0,1,1,1,1,NA,0,0,0,NA,NA,0,1,1,1,1,NA,NA,1,NA,1,0,1,1,1,1,1,1,1,1,1,0,1,0,1,0,1,1,NA,NA,NA,NA,NA,NA,NA,NA,NA,NA,NA,NA,NA,NA
"COOK (D IA-6)",NA,NA,NA,NA,NA,NA,NA,NA,NA,NA,NA,NA,NA,NA,NA,NA,NA,NA,NA,NA,NA,NA,NA,NA,NA,NA,NA,NA,NA,NA,NA,NA,NA,NA,NA,NA,NA,NA,NA,NA,NA,NA,NA,NA,NA,NA,NA,NA,NA,NA,NA,NA,NA,NA,NA,NA,NA,NA,NA,NA,NA,NA,NA,NA,NA,NA,NA,NA,NA,NA,NA,NA,NA,NA,NA,NA,NA,NA,NA,NA,NA,NA,NA,NA,NA,NA,NA,NA,NA,NA,NA,NA,NA,NA,NA,NA,NA,NA,NA,NA,NA,NA,NA,NA,NA,NA,NA,NA,NA,NA,NA,NA,NA,NA,NA,NA,NA,NA,NA,NA,NA,NA,NA,NA,NA,NA,NA,NA,NA,NA,NA,NA,NA,NA,NA,NA,NA,NA,NA,NA,NA,NA,NA,NA,NA,NA,NA,NA,NA,NA,NA,NA,NA,NA,NA,NA,NA,NA,NA,NA,NA,NA,NA,NA,NA,NA,NA,NA,NA,NA,NA,NA,NA,NA,NA,NA,NA,NA,NA,NA,NA,NA,NA,NA,NA,NA,NA,NA,NA,NA,NA,NA,NA,NA,NA,NA,NA,NA,NA,NA,NA,NA,NA,NA,NA,NA,NA,NA,NA,NA,NA,NA,NA,NA,NA,NA,NA,NA,NA,NA,NA,NA,NA,NA,NA,NA,NA,NA,NA,NA,NA,NA,NA,NA,NA,NA,NA,NA,NA,NA,NA,NA,NA,NA,NA,NA,NA,NA,NA,NA,NA,NA,NA,NA,NA,NA,NA,NA,NA,NA,NA,NA,NA,NA,NA,NA,NA,NA,NA,NA,NA,NA,NA,NA,NA,NA,NA,NA,NA,NA,NA,NA,NA,NA,NA,NA,NA,NA,NA,NA,NA,NA,NA,NA,NA,NA,NA,NA,NA,NA,NA,NA,NA,NA,NA,NA,NA,NA,NA,NA,NA,NA,NA,NA,NA,NA,NA,NA,NA,NA,NA,NA,NA,NA,NA,NA,NA,NA,NA,NA,NA,NA,NA,NA,NA,NA,NA,0,NA,NA,0,0,1,NA,NA,NA,NA,NA,NA
"KASSON (R IA-7)",1,1,0,0,1,NA,NA,1,0,1,NA,1,1,1,1,1,NA,NA,1,1,NA,1,0,NA,NA,1,0,1,1,0,0,1,0,1,1,0,0,NA,0,NA,NA,NA,NA,NA,1,NA,NA,1,NA,NA,1,NA,NA,NA,1,NA,1,1,0,0,0,0,0,1,1,1,0,0,NA,NA,1,1,0,0,0,1,NA,1,1,0,1,1,1,NA,0,1,NA,NA,NA,0,0,NA,1,0,1,1,1,NA,NA,0,0,0,1,NA,NA,NA,NA,NA,NA,NA,NA,NA,NA,NA,NA,NA,0,0,0,NA,NA,0,NA,NA,0,1,0,NA,NA,1,1,0,1,1,1,0,1,0,0,1,0,0,0,0,NA,NA,0,0,0,0,NA,NA,NA,0,NA,0,1,0,0,NA,NA,NA,NA,NA,NA,0,1,0,1,1,0,1,0,1,NA,0,1,1,NA,1,NA,NA,0,1,1,NA,NA,1,0,NA,NA,0,NA,NA,0,1,NA,1,0,0,0,1,NA,1,1,0,1,1,1,0,1,1,1,NA,1,1,0,1,1,1,1,1,1,1,0,1,NA,NA,NA,1,1,1,1,0,1,1,0,0,1,NA,NA,NA,1,0,1,0,NA,1,1,0,1,NA,0,0,0,0,1,1,1,0,1,0,0,NA,0,1,NA,1,NA,1,0,1,NA,0,0,NA,NA,NA,1,0,NA,1,0,0,NA,1,1,1,NA,NA,NA,0,NA,0,1,1,0,0,1,0,1,1,1,0,0,0,0,NA,0,1,1,1,1,0,1,1,1,1,0,1,1,1,1,1,1,1,NA,1,0,0,0,1,1,NA,1,1,0,1,NA,1,NA,NA,NA,1,0,NA,NA,1,1
"HEPBURN (R IA-8)",1,1,0,0,1,1,1,1,1,0,0,1,0,0,1,1,0,0,1,0,0,1,0,1,NA,1,1,1,1,0,NA,1,0,1,1,0,0,0,0,1,1,0,1,0,1,1,1,1,NA,1,0,1,1,0,NA,0,1,1,0,0,0,0,0,1,0,1,0,0,1,1,1,1,0,0,NA,1,1,NA,1,1,NA,NA,NA,NA,NA,0,0,1,1,NA,NA,NA,1,0,1,1,1,0,1,NA,NA,0,1,0,0,1,1,1,1,1,1,1,1,NA,0,1,0,1,0,1,1,0,0,1,1,0,0,0,NA,1,1,0,1,1,1,0,1,0,0,1,0,0,0,0,0,0,0,0,0,0,0,0,0,0,0,0,1,0,0,0,0,0,0,NA,1,0,1,0,1,1,0,1,0,1,1,0,1,1,1,1,1,1,0,1,1,0,0,1,0,0,1,0,0,1,1,1,1,0,0,0,NA,0,NA,1,NA,0,1,1,1,NA,NA,1,1,1,1,1,0,1,1,1,1,1,1,1,0,1,1,NA,NA,NA,NA,NA,NA,NA,NA,1,1,1,1,0,1,NA,1,1,0,1,NA,NA,NA,0,1,1,1,1,1,1,1,NA,1,0,1,0,0,1,1,1,1,1,0,1,0,1,1,NA,NA,0,0,1,0,0,0,0,0,0,1,NA,1,NA,NA,0,1,NA,NA,NA,NA,1,0,0,1,1,1,1,1,NA,0,0,0,1,0,1,1,NA,0,0,1,1,1,1,0,1,1,1,1,1,1,1,1,1,0,0,0,0,1,1,1,1,0,1,1,1,1,1,1,NA,1,1,1,0,1
"CARPENTER (R IA-9)",1,1,0,0,1,0,0,1,0,1,1,1,1,1,1,1,0,0,1,0,0,1,0,1,0,1,1,1,1,0,0,1,0,1,1,0,0,0,0,0,1,1,0,1,1,0,1,1,0,1,NA,NA,1,0,1,0,1,1,0,0,0,0,0,1,1,1,0,0,1,1,1,1,0,0,NA,1,1,NA,NA,1,1,1,0,1,0,NA,NA,1,1,1,0,1,1,0,1,1,1,0,1,1,0,0,1,0,0,1,1,1,1,1,1,0,1,1,0,0,0,0,0,1,1,0,0,1,0,1,0,0,1,1,1,0,1,1,1,0,1,0,0,1,0,0,0,0,0,0,0,0,0,0,0,NA,0,0,0,0,1,0,0,0,0,0,0,1,1,0,1,0,1,1,0,1,0,1,1,0,1,1,1,1,1,1,NA,1,1,0,0,1,0,0,1,1,0,1,1,1,0,1,0,0,0,1,1,1,1,0,1,1,1,0,1,1,1,1,1,1,0,1,1,1,1,1,1,1,0,1,1,NA,0,1,NA,0,1,1,1,1,1,1,1,0,0,0,1,1,0,1,1,1,0,0,1,1,1,NA,1,1,NA,1,1,0,1,1,0,1,1,1,1,1,0,1,0,1,1,0,0,0,0,1,0,0,0,0,0,0,1,1,NA,0,0,0,1,0,1,0,1,1,0,0,1,1,1,1,1,0,0,0,0,1,0,1,1,1,1,1,1,0,1,1,0,1,1,1,1,1,1,1,NA,1,1,0,1,1,1,1,1,0,0,1,1,1,1,1,1,1,1,1,1,0,1
"ANDERSON (R KS-1)",1,1,0,0,1,0,0,1,0,0,1,0,NA,NA,NA,NA,NA,NA,1,1,0,1,1,NA,NA,0,NA,1,1,NA,0,1,0,1,1,0,0,0,0,1,1,NA,NA,NA,1,1,1,1,0,1,NA,1,1,0,1,0,1,NA,NA,NA,NA,NA,0,1,0,1,0,0,1,1,1,1,0,0,0,NA,1,NA,NA,1,NA,1,1,1,0,1,0,NA,NA,NA,NA,1,NA,0,1,1,1,0,1,1,0,NA,1,0,0,1,NA,1,1,1,1,1,1,0,0,0,1,1,1,0,0,1,1,0,NA,0,1,1,0,1,1,0,1,1,NA,0,1,0,0,1,0,0,0,0,0,0,0,0,0,0,0,NA,NA,0,0,0,1,0,0,0,0,0,0,1,1,0,1,0,1,1,0,1,0,1,0,0,1,1,1,1,1,1,0,1,NA,NA,1,1,1,0,1,1,NA,NA,0,1,1,1,NA,0,0,0,1,1,1,NA,1,0,1,0,1,1,1,1,1,1,0,1,1,1,1,1,1,1,0,1,0,NA,NA,NA,1,0,1,0,0,0,1,0,1,NA,1,0,0,0,1,0,1,1,1,0,1,1,0,1,0,0,1,1,1,0,1,0,0,1,1,1,0,1,1,1,0,1,1,0,0,1,1,0,1,1,1,1,1,0,1,1,1,0,0,1,1,0,1,0,0,1,0,0,1,1,0,1,1,1,1,0,0,1,0,1,1,1,0,0,NA,1,0,1,0,1,1,1,1,1,1,1,1,1,0,0,0,0,0,1,1,1,0,1,1,1,1,1,1,1,1,1,1,0,1
"HASKELL (R KS-2)",1,1,0,0,1,0,1,1,0,0,1,NA,0,1,1,1,0,0,NA,1,NA,0,1,1,NA,0,NA,NA,1,NA,0,1,0,1,1,0,0,0,0,NA,1,1,NA,NA,1,NA,NA,1,0,1,1,1,1,0,1,0,1,1,0,0,0,0,0,1,0,1,0,0,1,1,1,1,0,0,0,1,1,NA,1,0,1,1,1,1,0,1,0,1,1,0,0,1,1,0,1,1,1,0,1,NA,0,0,1,0,0,1,1,1,1,1,1,0,1,0,0,0,0,1,0,0,0,0,NA,0,0,NA,0,NA,1,1,1,0,1,1,1,0,1,0,0,1,NA,0,0,0,0,0,NA,NA,0,0,0,NA,NA,0,0,0,1,0,0,0,0,0,0,1,1,0,1,0,1,1,0,1,0,1,NA,NA,1,1,1,1,1,1,0,1,1,0,1,0,NA,NA,NA,0,0,1,0,1,0,1,0,0,NA,NA,0,1,NA,NA,NA,1,1,0,1,1,1,1,1,1,0,1,1,1,1,1,1,1,0,1,0,NA,0,1,1,0,1,0,0,0,0,0,1,0,0,0,1,0,NA,NA,1,1,1,0,1,1,0,0,0,0,1,NA,1,0,NA,0,0,NA,1,1,1,1,NA,1,0,1,1,0,0,0,1,0,0,1,0,0,1,0,NA,NA,1,1,NA,1,1,NA,NA,0,1,1,0,0,1,1,1,1,1,0,0,0,NA,1,0,1,1,1,1,NA,NA,1,0,1,0,1,1,1,1,1,1,1,1,1,NA,NA,NA,NA,NA,1,NA,1,NA,1,1,1,NA,1,1,NA,NA,1,1,0,1
"RYAN (R KS-3)",1,1,0,0,NA,0,1,NA,0,0,1,NA,NA,NA,1,1,0,0,NA,1,1,1,NA,1,0,0,NA,1,1,NA,0,1,0,1,1,0,0,0,0,NA,1,NA,NA,NA,1,NA,NA,1,1,1,NA,NA,1,0,1,NA,1,1,0,0,0,0,0,1,NA,NA,NA,NA,NA,NA,1,1,0,0,0,NA,NA,NA,NA,0,NA,1,1,1,0,1,0,1,NA,NA,NA,NA,NA,NA,NA,NA,NA,NA,NA,NA,0,0,1,0,0,1,1,1,1,1,1,NA,1,0,0,NA,NA,NA,0,1,1,0,1,0,0,1,0,0,1,1,1,0,NA,1,1,0,1,0,0,1,0,0,0,0,0,0,0,0,0,0,NA,NA,NA,0,0,0,1,0,0,0,0,0,0,1,1,0,1,0,1,1,0,1,0,1,1,0,1,1,1,1,1,1,0,1,1,NA,1,1,0,0,1,0,0,1,0,1,0,1,0,0,NA,NA,NA,1,NA,0,1,NA,1,NA,NA,NA,1,1,1,1,0,1,1,1,1,1,1,1,0,1,0,NA,NA,NA,NA,0,1,NA,NA,NA,NA,NA,1,NA,1,0,NA,0,0,1,NA,NA,1,NA,1,NA,NA,NA,NA,0,1,NA,1,0,1,0,0,1,1,0,1,NA,NA,1,0,1,NA,0,0,NA,NA,0,0,1,1,NA,1,NA,1,1,NA,0,0,1,1,0,NA,0,1,1,0,NA,1,1,0,1,1,0,0,0,NA,NA,0,1,1,1,0,0,1,NA,0,1,0,1,NA,NA,NA,NA,1,1,1,1,0,0,0,0,NA,1,1,1,0,1,1,1,1,1,1,NA,1,NA,NA,NA,NA
"TURNER (D KY-1)",1,1,1,1,0,1,0,0,1,0,0,1,0,0,1,0,1,1,NA,1,1,0,0,0,0,1,1,0,0,1,1,0,1,NA,0,1,1,1,0,0,0,0,0,0,0,1,0,1,1,1,0,0,0,1,0,1,1,0,1,1,1,1,0,1,0,0,1,1,NA,NA,0,0,1,1,1,0,0,1,0,1,0,0,1,0,0,NA,NA,0,0,0,1,0,NA,1,0,0,0,0,1,NA,NA,1,0,1,0,NA,NA,0,0,NA,NA,0,1,0,0,1,1,1,1,0,0,1,1,0,1,0,1,1,0,NA,NA,1,NA,NA,NA,1,NA,NA,NA,NA,NA,NA,NA,NA,NA,NA,NA,NA,NA,NA,NA,NA,NA,NA,NA,NA,NA,NA,NA,NA,NA,NA,NA,NA,NA,NA,NA,NA,NA,NA,NA,NA,NA,NA,NA,1,NA,NA,0,NA,NA,NA,1,NA,0,1,1,0,1,1,0,NA,1,0,0,0,0,0,1,1,0,0,0,0,0,1,0,0,0,1,0,0,NA,NA,NA,NA,1,NA,NA,NA,NA,NA,NA,NA,1,NA,0,1,1,0,0,1,0,0,0,0,NA,0,0,0,1,1,0,0,1,0,0,0,0,1,0,1,1,1,1,1,1,1,1,0,1,1,0,0,1,0,0,0,1,1,1,0,0,1,1,1,1,0,1,1,1,1,1,1,0,1,0,1,NA,NA,0,1,0,1,0,0,1,1,0,1,0,0,0,1,1,1,1,0,1,0,0,0,0,0,0,0,0,0,1,0,0,0,0,NA,NA,0,0,0,0,1,0,0,0,0,0,0,1,0,0,NA,NA,NA,0,NA,NA,NA,NA,1,NA
"MCKENZIE (D KY-2)",1,1,1,1,NA,0,NA,NA,0,0,0,1,0,0,1,0,1,1,NA,0,NA,NA,NA,0,1,0,NA,NA,NA,NA,0,0,1,NA,0,1,1,1,1,NA,0,NA,NA,NA,NA,NA,NA,1,NA,1,1,NA,0,1,0,1,NA,NA,NA,NA,NA,NA,NA,NA,NA,NA,NA,NA,NA,NA,0,0,1,1,NA,NA,NA,NA,NA,NA,0,NA,1,0,NA,NA,NA,NA,NA,NA,NA,NA,NA,NA,NA,NA,NA,NA,NA,NA,NA,1,0,NA,NA,1,NA,NA,NA,NA,NA,0,1,0,0,1,NA,1,NA,0,0,1,1,0,NA,NA,NA,1,0,NA,NA,1,NA,NA,NA,1,NA,NA,NA,NA,NA,NA,NA,NA,NA,NA,NA,NA,NA,NA,NA,1,NA,NA,NA,NA,NA,NA,NA,NA,NA,NA,NA,NA,NA,NA,NA,NA,NA,NA,NA,NA,1,NA,NA,1,NA,NA,0,NA,NA,NA,NA,NA,NA,NA,NA,NA,1,1,0,1,1,0,0,NA,NA,NA,NA,1,1,0,NA,NA,NA,NA,NA,0,0,1,0,NA,NA,NA,NA,NA,0,NA,NA,NA,NA,NA,NA,NA,1,NA,0,1,NA,0,0,1,NA,NA,NA,0,NA,0,0,0,0,1,0,NA,1,0,0,0,1,NA,NA,NA,NA,NA,NA,NA,NA,NA,0,0,1,1,0,1,0,1,0,0,1,1,1,0,NA,1,1,1,1,0,1,1,1,1,NA,1,1,1,0,1,1,NA,0,1,0,NA,NA,0,1,1,0,NA,0,0,0,1,1,1,1,0,1,0,0,NA,0,NA,0,0,0,0,NA,NA,0,0,0,NA,NA,0,0,0,0,NA,NA,NA,NA,0,0,NA,1,0,0,NA,NA,NA,0,NA,NA,NA,NA,1,NA
"CALDWELL (D KY-3)",1,1,1,1,NA,1,0,0,1,1,0,1,NA,0,1,0,1,1,0,0,1,0,NA,0,0,1,NA,0,0,1,1,0,1,NA,0,1,1,1,0,1,NA,0,1,0,0,1,1,1,0,NA,0,0,1,1,NA,NA,NA,0,1,1,1,1,1,0,0,0,NA,NA,NA,NA,0,0,1,1,1,0,1,NA,NA,1,0,0,1,0,1,0,1,0,0,0,1,0,0,1,0,0,0,1,NA,NA,NA,1,0,1,0,NA,NA,NA,NA,NA,NA,0,1,0,0,1,NA,1,1,NA,NA,NA,1,0,1,0,1,0,0,NA,NA,1,NA,NA,NA,1,NA,NA,NA,NA,NA,NA,NA,NA,NA,NA,NA,NA,NA,NA,NA,1,NA,NA,NA,NA,NA,NA,NA,NA,NA,NA,NA,NA,NA,NA,NA,NA,NA,NA,NA,NA,NA,NA,NA,1,NA,NA,0,NA,NA,NA,1,NA,0,1,1,0,1,1,0,1,1,0,0,0,0,0,NA,1,1,0,NA,NA,NA,1,0,0,0,NA,0,0,NA,NA,NA,NA,NA,NA,NA,NA,NA,NA,NA,NA,NA,NA,NA,1,1,0,0,1,0,0,0,0,0,0,0,NA,NA,1,0,0,NA,NA,0,0,NA,1,1,1,1,NA,NA,1,1,1,1,NA,0,1,0,1,0,1,NA,0,1,NA,1,0,1,NA,1,1,1,0,1,1,1,1,1,1,1,1,0,1,1,NA,0,NA,NA,1,0,0,1,1,0,1,0,0,0,1,1,1,1,0,1,0,0,0,0,0,1,0,0,0,1,0,0,0,0,NA,NA,0,0,0,0,0,0,0,1,0,0,0,1,0,0,NA,NA,NA,0,NA,NA,NA,NA,1,NA
"KNOTT (D KY-4)",1,1,1,0,NA,0,0,NA,1,1,0,NA,NA,NA,NA,NA,NA,NA,NA,NA,NA,NA,1,0,NA,NA,NA,NA,0,NA,NA,0,1,NA,0,1,1,1,1,NA,NA,NA,NA,NA,0,NA,1,NA,NA,NA,NA,NA,0,1,0,1,NA,0,NA,NA,NA,1,1,0,0,0,NA,NA,NA,NA,1,0,1,1,1,NA,1,NA,NA,NA,0,NA,1,0,NA,NA,NA,NA,NA,NA,NA,NA,NA,NA,NA,NA,NA,NA,NA,NA,NA,1,0,NA,NA,NA,NA,NA,NA,NA,NA,0,1,0,NA,1,NA,1,1,NA,0,1,1,0,1,0,1,NA,0,NA,NA,NA,NA,NA,NA,NA,NA,NA,NA,NA,NA,NA,NA,NA,NA,NA,NA,NA,NA,NA,NA,NA,NA,NA,NA,NA,NA,NA,NA,NA,NA,NA,NA,NA,NA,NA,NA,NA,NA,NA,NA,NA,1,NA,NA,1,NA,NA,0,NA,NA,NA,NA,NA,0,1,NA,NA,NA,NA,NA,NA,NA,NA,NA,0,NA,0,NA,1,0,0,0,0,0,1,NA,0,0,1,0,NA,NA,NA,NA,NA,NA,NA,NA,NA,NA,NA,NA,NA,1,NA,0,1,1,0,0,1,0,0,0,0,0,0,NA,0,1,NA,0,0,1,0,0,0,1,NA,NA,NA,1,1,1,NA,NA,NA,0,1,0,NA,1,NA,NA,NA,0,0,1,NA,1,0,NA,NA,1,1,1,0,1,1,1,1,1,1,NA,1,NA,1,1,NA,0,1,0,1,0,0,1,1,0,1,0,0,0,1,1,1,1,0,1,0,NA,NA,0,0,NA,NA,NA,0,1,0,0,0,0,NA,NA,0,0,0,NA,NA,NA,0,0,0,0,0,1,0,0,NA,NA,NA,0,NA,NA,NA,NA,1,NA
"WILLIS (D KY-5)",1,1,1,1,0,0,0,1,0,0,0,0,0,1,NA,NA,1,1,0,0,0,1,0,0,0,0,1,NA,0,1,1,0,1,NA,NA,1,1,1,0,NA,NA,NA,NA,NA,0,1,1,1,0,1,1,1,0,1,0,0,NA,0,1,1,1,1,1,1,0,0,1,1,NA,NA,0,0,1,1,NA,0,0,NA,NA,1,0,0,1,NA,1,0,1,0,0,NA,1,NA,NA,1,0,0,1,0,1,1,NA,1,0,1,1,1,1,0,0,NA,NA,0,NA,NA,0,1,1,1,1,0,0,1,NA,NA,NA,NA,NA,NA,NA,NA,NA,NA,NA,NA,NA,1,NA,NA,NA,NA,NA,NA,NA,NA,NA,NA,NA,NA,NA,NA,NA,1,NA,NA,NA,NA,NA,NA,NA,NA,NA,NA,NA,NA,NA,NA,NA,NA,NA,NA,NA,NA,NA,NA,NA,1,NA,NA,0,NA,NA,NA,1,NA,0,1,1,0,1,1,0,NA,NA,0,NA,NA,NA,NA,NA,1,1,1,NA,0,0,NA,0,NA,0,1,0,0,NA,NA,NA,NA,0,NA,NA,NA,NA,NA,NA,NA,NA,NA,0,NA,NA,NA,NA,NA,NA,NA,NA,NA,0,0,0,0,1,NA,0,0,1,0,0,0,0,1,NA,1,1,1,1,NA,1,1,0,1,1,NA,1,1,1,1,1,0,1,1,1,1,1,1,1,1,1,0,1,1,1,1,1,1,1,1,NA,1,1,1,0,1,NA,1,0,0,1,1,0,0,0,0,0,1,1,1,1,0,1,0,0,1,1,1,1,0,NA,0,1,0,0,0,0,NA,NA,0,0,0,0,1,1,0,0,0,0,0,NA,0,0,NA,NA,NA,NA,NA,NA,NA,NA,1,NA
"CARLISLE (D KY-6)",1,1,1,NA,NA,NA,NA,NA,1,1,NA,1,1,NA,NA,NA,0,0,NA,1,0,NA,1,0,1,NA,NA,1,0,NA,1,0,1,NA,0,1,1,1,1,NA,NA,NA,NA,NA,NA,1,1,NA,NA,NA,NA,1,NA,NA,0,1,NA,0,1,1,1,1,1,0,0,1,1,NA,NA,NA,NA,NA,NA,1,NA,NA,1,NA,NA,NA,0,0,1,0,NA,0,NA,NA,NA,0,NA,0,0,1,0,0,NA,NA,NA,NA,NA,1,0,NA,NA,NA,1,NA,NA,NA,NA,NA,NA,NA,NA,NA,1,1,NA,NA,0,NA,1,0,NA,0,NA,NA,NA,NA,NA,1,NA,NA,NA,NA,NA,NA,NA,NA,NA,NA,NA,NA,NA,NA,NA,NA,NA,NA,NA,1,NA,NA,NA,NA,NA,NA,NA,NA,NA,NA,NA,NA,NA,NA,NA,NA,NA,NA,NA,NA,1,NA,NA,NA,NA,NA,NA,NA,NA,NA,NA,NA,NA,NA,NA,NA,NA,NA,NA,1,NA,NA,0,0,NA,1,1,NA,1,0,0,0,0,NA,NA,NA,0,NA,NA,0,NA,NA,NA,NA,NA,NA,NA,NA,NA,NA,NA,NA,NA,NA,0,1,NA,NA,0,1,0,0,0,0,0,0,0,0,NA,1,0,NA,NA,NA,0,0,1,NA,1,NA,1,NA,1,1,1,NA,0,1,1,1,1,1,0,1,NA,0,NA,NA,1,1,1,1,NA,1,1,0,1,1,1,1,1,1,NA,NA,1,1,NA,NA,0,1,NA,1,0,0,1,1,0,0,0,0,0,1,1,1,1,0,1,0,0,NA,0,NA,NA,NA,0,0,1,0,0,0,0,NA,NA,0,0,0,NA,NA,NA,0,0,NA,NA,NA,1,0,0,NA,NA,NA,0,NA,NA,NA,NA,NA,NA
"BLACKBURN (D KY-7)",1,1,1,1,NA,0,0,0,0,0,1,0,NA,NA,1,0,0,NA,0,NA,NA,NA,1,0,0,1,NA,0,0,1,1,0,1,NA,NA,NA,NA,NA,NA,NA,NA,NA,NA,NA,0,1,NA,1,0,NA,NA,NA,NA,NA,NA,NA,NA,NA,NA,NA,NA,NA,NA,NA,0,0,1,1,NA,0,0,0,1,1,1,0,1,NA,NA,1,0,0,1,0,1,NA,NA,NA,NA,NA,NA,NA,NA,NA,NA,NA,NA,0,NA,NA,NA,NA,NA,1,0,1,1,0,NA,NA,NA,0,1,1,0,1,NA,1,1,0,0,1,1,0,1,0,1,NA,NA,NA,NA,1,NA,NA,NA,NA,NA,NA,NA,NA,NA,NA,NA,NA,NA,NA,NA,NA,NA,NA,NA,1,NA,NA,NA,NA,NA,NA,NA,NA,NA,NA,NA,NA,NA,NA,NA,NA,NA,NA,NA,NA,NA,NA,NA,1,NA,NA,0,NA,NA,NA,1,NA,0,1,1,0,NA,NA,NA,NA,1,0,NA,0,0,1,1,1,1,0,1,0,0,NA,0,NA,1,1,0,NA,NA,NA,NA,NA,NA,NA,NA,NA,NA,NA,NA,NA,1,NA,0,1,NA,0,0,1,0,0,0,0,NA,NA,NA,NA,1,1,0,1,0,1,NA,NA,1,NA,1,NA,NA,NA,NA,1,1,1,0,1,0,NA,NA,NA,0,1,0,NA,NA,NA,1,0,1,NA,1,NA,1,0,NA,1,NA,NA,1,1,1,1,NA,1,NA,1,0,1,NA,NA,NA,0,1,NA,0,1,0,0,0,NA,NA,NA,NA,NA,1,0,0,1,0,1,1,0,0,0,NA,0,0,0,0,NA,NA,0,0,0,NA,NA,1,NA,NA,0,0,0,NA,0,0,NA,NA,NA,NA,NA,NA,NA,NA,1,NA
"THOMPSON (D KY-8)",1,1,1,1,NA,0,0,NA,1,0,0,1,NA,1,1,0,1,1,0,NA,1,0,1,0,NA,1,1,0,0,1,1,0,1,NA,0,1,1,1,0,NA,NA,NA,NA,NA,0,1,1,1,NA,NA,NA,NA,NA,1,NA,NA,NA,NA,NA,NA,NA,1,1,0,NA,NA,NA,NA,NA,NA,0,0,1,1,1,0,0,1,0,1,NA,NA,NA,0,1,0,0,NA,NA,0,NA,0,NA,1,0,0,0,1,NA,NA,1,NA,0,NA,NA,1,1,NA,NA,NA,NA,0,1,1,0,1,NA,NA,NA,NA,NA,NA,1,0,1,NA,1,0,0,NA,NA,NA,NA,NA,NA,NA,NA,NA,NA,NA,NA,NA,NA,NA,NA,NA,NA,NA,NA,NA,NA,1,NA,NA,NA,NA,NA,NA,NA,NA,NA,NA,NA,NA,NA,NA,NA,NA,NA,NA,NA,NA,NA,NA,NA,NA,NA,NA,0,NA,NA,NA,NA,NA,0,1,1,0,NA,NA,NA,NA,NA,NA,NA,NA,0,NA,1,1,0,0,0,0,0,1,0,0,NA,NA,NA,0,NA,NA,NA,NA,NA,NA,NA,NA,NA,NA,NA,NA,1,NA,NA,1,1,0,0,1,0,0,0,NA,NA,NA,0,1,1,1,0,NA,1,0,1,1,1,1,NA,1,1,1,1,1,1,NA,0,1,1,NA,NA,1,NA,1,0,NA,1,1,1,1,1,1,1,1,1,0,1,NA,NA,1,1,1,1,1,0,1,1,1,0,NA,0,1,0,0,1,NA,0,0,0,0,0,1,1,1,1,0,1,1,NA,1,0,NA,NA,0,0,0,1,0,0,NA,0,NA,NA,0,0,0,1,1,1,NA,0,0,0,0,1,0,0,NA,NA,NA,NA,NA,NA,NA,NA,1,NA
"WHITE (R KY-9)",1,1,0,0,1,0,1,1,0,1,1,1,0,1,1,1,0,0,NA,1,0,1,0,NA,NA,0,0,1,1,0,0,0,0,1,1,0,NA,0,0,1,1,1,NA,1,1,0,1,1,NA,1,NA,NA,1,1,NA,NA,0,1,0,0,0,NA,0,1,NA,1,NA,NA,NA,NA,1,1,0,NA,0,1,1,0,0,0,1,1,1,NA,0,0,1,1,1,NA,1,1,1,0,1,1,NA,0,1,1,0,NA,1,NA,NA,NA,NA,NA,1,1,1,NA,NA,NA,NA,NA,NA,0,0,1,1,0,0,NA,0,1,0,0,1,1,1,NA,1,1,1,0,1,0,0,1,NA,0,0,NA,NA,0,0,0,0,0,0,NA,NA,NA,0,0,1,0,0,0,0,0,0,1,1,0,1,0,1,1,0,1,0,1,1,NA,1,1,1,1,1,1,NA,1,0,1,0,1,NA,NA,NA,1,1,1,1,1,1,1,0,NA,1,0,1,1,1,NA,1,1,1,0,1,1,1,1,1,1,0,1,1,1,1,1,1,1,0,1,0,NA,0,1,1,0,NA,NA,NA,0,1,1,1,0,1,0,1,1,0,NA,NA,0,1,1,1,1,0,0,0,0,NA,1,1,NA,1,0,0,NA,1,1,0,1,0,NA,NA,NA,1,0,0,0,0,1,0,NA,NA,NA,NA,NA,1,1,1,1,0,1,1,1,1,0,1,1,1,NA,1,1,1,1,1,0,0,NA,NA,NA,1,1,1,0,0,0,1,0,1,1,0,1,1,1,1,1,NA,1,1,1,NA,NA,0,1,NA,1,0,1,0,1,1,1,1,1,1,NA,1,1,1,0,1
"PHISTER (D KY-10)",1,1,1,1,NA,1,0,1,1,1,0,1,1,NA,1,0,1,1,NA,0,1,0,NA,0,1,1,NA,1,0,NA,1,0,1,NA,0,1,1,1,1,NA,NA,NA,NA,NA,0,NA,NA,1,0,1,NA,0,1,1,0,1,1,NA,NA,NA,NA,1,1,0,0,NA,NA,NA,NA,NA,0,0,1,1,1,0,1,NA,NA,1,0,0,NA,0,NA,NA,NA,0,NA,0,1,0,0,1,0,0,NA,NA,NA,1,1,1,0,1,0,1,NA,0,NA,NA,NA,NA,NA,NA,NA,NA,NA,NA,NA,NA,NA,NA,NA,NA,NA,NA,NA,NA,NA,NA,NA,NA,NA,NA,NA,1,NA,NA,NA,NA,NA,NA,NA,NA,NA,NA,NA,NA,NA,NA,NA,1,NA,NA,NA,NA,NA,NA,NA,NA,NA,NA,NA,NA,NA,NA,NA,NA,NA,NA,NA,NA,1,NA,NA,1,NA,NA,0,NA,NA,NA,1,NA,0,1,1,1,1,1,1,1,1,1,1,0,0,1,1,1,1,1,1,0,0,1,0,0,1,1,0,0,NA,NA,NA,NA,NA,NA,NA,NA,NA,NA,NA,NA,NA,NA,NA,NA,NA,NA,NA,NA,NA,NA,NA,NA,NA,NA,NA,NA,NA,NA,NA,NA,NA,NA,NA,NA,NA,1,1,NA,0,NA,NA,0,1,NA,0,1,0,1,1,1,NA,NA,NA,NA,NA,NA,NA,NA,NA,NA,1,1,1,0,1,1,NA,NA,1,NA,1,1,1,1,1,1,NA,1,NA,1,0,0,1,1,0,1,0,0,NA,NA,NA,NA,1,0,1,NA,0,0,1,1,NA,NA,0,0,1,NA,NA,NA,NA,NA,NA,0,0,NA,1,1,NA,NA,NA,NA,NA,NA,NA,NA,NA,NA,NA,NA,NA,NA,NA,NA,NA,NA,NA
"GIBSON (D LA-1)",1,1,1,1,NA,1,0,NA,NA,NA,NA,1,NA,NA,NA,NA,NA,NA,NA,1,NA,1,NA,0,0,NA,NA,NA,NA,NA,NA,NA,NA,NA,0,1,1,1,NA,NA,NA,NA,NA,NA,NA,NA,NA,NA,0,1,NA,NA,NA,1,0,0,NA,NA,1,NA,NA,1,NA,NA,0,NA,NA,NA,NA,NA,NA,0,1,1,NA,NA,NA,NA,NA,1,NA,1,1,NA,NA,NA,NA,NA,0,0,NA,0,1,1,NA,NA,1,1,NA,1,1,0,1,NA,NA,NA,1,1,NA,NA,NA,0,1,NA,NA,1,NA,NA,NA,0,NA,NA,NA,0,NA,1,NA,0,NA,NA,NA,NA,NA,NA,NA,1,NA,NA,NA,NA,NA,NA,NA,NA,NA,NA,NA,NA,NA,NA,NA,NA,NA,NA,NA,NA,NA,NA,NA,NA,NA,NA,NA,NA,NA,NA,NA,NA,NA,NA,NA,NA,NA,NA,NA,NA,NA,NA,NA,NA,NA,NA,NA,NA,NA,NA,0,NA,1,1,1,1,NA,NA,1,NA,NA,NA,NA,NA,NA,1,1,1,NA,NA,NA,1,NA,NA,NA,NA,NA,NA,NA,NA,NA,NA,NA,NA,NA,NA,NA,NA,NA,NA,NA,NA,NA,NA,NA,NA,NA,NA,NA,1,1,1,NA,NA,NA,NA,NA,1,1,NA,NA,NA,NA,NA,1,NA,0,0,0,0,NA,NA,0,1,0,1,1,NA,NA,NA,NA,NA,NA,NA,NA,NA,NA,NA,NA,1,NA,NA,NA,0,NA,1,NA,NA,NA,1,0,NA,NA,1,NA,NA,NA,NA,0,NA,1,1,0,1,1,0,0,NA,NA,NA,1,NA,1,NA,1,1,1,NA,1,NA,NA,0,1,0,NA,NA,0,NA,NA,0,0,0,1,1,1,1,0,NA,NA,NA,1,0,0,NA,NA,NA,NA,NA,NA,NA,NA,NA,NA
"ELLIS (D LA-2)",1,1,1,NA,NA,0,0,1,0,0,1,0,1,1,1,NA,1,NA,NA,NA,1,1,NA,NA,NA,1,1,0,0,1,0,1,NA,NA,0,NA,0,1,1,NA,1,0,1,0,NA,1,1,1,NA,1,NA,NA,1,1,NA,NA,NA,NA,NA,NA,NA,NA,NA,NA,NA,NA,NA,NA,NA,NA,NA,NA,NA,1,NA,1,1,1,1,1,1,1,NA,0,NA,NA,NA,0,NA,0,1,0,1,1,NA,0,1,0,1,1,1,0,1,NA,NA,NA,NA,1,1,1,1,0,0,1,1,0,0,NA,NA,0,0,0,1,0,1,NA,NA,0,1,NA,NA,1,NA,NA,NA,1,NA,NA,NA,NA,NA,NA,NA,NA,NA,NA,NA,NA,NA,NA,NA,1,NA,NA,NA,NA,NA,NA,NA,NA,NA,NA,NA,NA,NA,NA,NA,NA,NA,NA,NA,NA,NA,0,NA,NA,NA,NA,NA,NA,NA,NA,NA,NA,NA,NA,NA,NA,NA,NA,NA,NA,NA,NA,1,NA,NA,NA,NA,1,0,1,NA,NA,1,0,1,NA,1,NA,0,0,NA,NA,NA,NA,NA,NA,NA,NA,NA,NA,NA,NA,NA,NA,0,NA,NA,NA,NA,NA,NA,1,1,0,1,1,0,0,0,1,1,1,NA,1,0,0,0,NA,1,1,NA,NA,NA,0,NA,NA,0,1,0,1,1,1,NA,NA,NA,NA,NA,1,NA,NA,1,1,NA,0,0,1,1,0,0,1,1,0,1,1,0,1,1,1,0,1,0,0,1,1,1,1,0,0,1,0,0,1,1,1,1,0,1,0,NA,1,1,NA,NA,NA,1,0,1,0,0,0,0,NA,NA,NA,0,0,1,1,1,1,1,0,0,1,1,0,0,NA,NA,NA,0,NA,NA,NA,NA,1,NA
"DARRALL (R LA-3)",1,1,0,NA,NA,NA,0,1,0,1,1,1,1,1,1,NA,0,1,NA,0,0,1,0,NA,NA,1,1,0,NA,NA,NA,0,0,1,NA,NA,0,NA,NA,NA,NA,NA,NA,NA,NA,NA,NA,NA,NA,NA,NA,NA,NA,NA,NA,NA,NA,NA,NA,NA,0,0,NA,NA,1,1,NA,NA,1,NA,NA,0,1,NA,0,1,NA,NA,NA,0,NA,1,1,1,NA,0,1,NA,NA,NA,0,1,NA,0,1,1,1,0,1,1,NA,0,1,NA,NA,1,1,NA,1,1,1,1,NA,NA,NA,0,0,0,NA,NA,1,0,NA,NA,NA,1,0,0,NA,1,1,0,1,1,1,NA,NA,0,0,1,0,0,0,0,0,0,0,NA,0,0,NA,0,0,0,NA,0,1,0,0,0,0,0,0,1,1,0,1,0,1,1,0,1,0,1,NA,0,NA,1,1,1,1,1,NA,1,1,1,0,1,NA,NA,NA,0,0,NA,1,NA,1,1,0,NA,0,1,NA,NA,NA,0,NA,1,1,NA,NA,1,1,1,1,1,0,1,1,1,1,1,1,1,0,NA,NA,0,NA,1,1,0,NA,1,1,NA,1,1,NA,1,NA,NA,NA,NA,NA,NA,NA,NA,NA,NA,NA,NA,1,0,NA,NA,1,NA,1,NA,NA,1,1,NA,NA,NA,NA,NA,NA,NA,NA,NA,NA,NA,NA,NA,NA,NA,NA,NA,NA,NA,NA,NA,NA,NA,NA,NA,NA,NA,NA,1,NA,NA,NA,NA,NA,1,1,0,0,NA,NA,0,0,NA,0,NA,NA,NA,NA,1,1,NA,1,NA,NA,0,0,NA,NA,1,1,0,NA,1,NA,1,1,NA,1,NA,1,1,1,1,1,NA,NA,1,1,NA,NA,NA,NA,NA,NA,NA,1
"BLANCHARD (D LA-4)",1,1,1,1,1,1,0,0,0,0,1,NA,0,0,1,0,1,1,0,NA,1,0,1,0,0,0,1,0,0,1,1,0,1,NA,0,1,1,1,1,1,1,0,NA,NA,NA,1,1,1,0,1,1,0,1,1,0,1,1,0,1,NA,NA,NA,1,0,NA,NA,NA,NA,NA,NA,0,0,1,NA,1,0,1,NA,NA,1,0,NA,1,0,1,0,1,0,NA,0,1,NA,1,1,0,0,0,0,1,NA,NA,NA,0,1,NA,1,NA,1,NA,NA,NA,0,1,NA,0,NA,NA,1,1,NA,NA,NA,1,NA,1,0,1,NA,NA,NA,NA,NA,NA,NA,NA,NA,NA,NA,NA,NA,NA,NA,NA,NA,NA,NA,NA,NA,NA,NA,NA,NA,NA,NA,NA,NA,NA,NA,NA,NA,NA,NA,NA,NA,NA,NA,NA,NA,NA,NA,NA,NA,NA,NA,NA,1,NA,NA,0,NA,NA,NA,1,NA,0,1,1,1,1,1,0,NA,1,NA,1,0,0,NA,1,1,NA,1,1,NA,1,NA,0,NA,1,NA,0,0,NA,NA,NA,NA,NA,NA,NA,NA,NA,NA,NA,NA,NA,NA,0,1,NA,0,0,1,0,1,1,0,1,1,NA,0,0,1,NA,1,1,NA,NA,NA,NA,1,1,1,1,NA,NA,1,1,NA,NA,NA,NA,0,NA,1,0,1,0,NA,NA,1,1,1,NA,1,1,1,1,0,NA,NA,1,NA,NA,NA,NA,1,0,1,NA,1,0,1,NA,NA,0,0,1,NA,0,1,1,0,0,1,NA,1,NA,0,1,NA,0,1,NA,1,1,0,0,NA,NA,NA,0,0,0,NA,NA,0,0,0,1,1,1,NA,0,0,0,0,1,0,0,NA,NA,NA,NA,NA,NA,NA,NA,NA,NA
"KING (D LA-5)",1,1,1,1,1,NA,NA,NA,0,0,0,1,1,1,1,NA,0,0,NA,NA,NA,1,NA,NA,NA,1,NA,0,0,1,1,0,1,NA,NA,NA,1,1,1,NA,NA,0,1,0,NA,1,1,1,0,NA,NA,NA,1,1,NA,NA,1,0,NA,NA,NA,NA,NA,1,NA,1,1,NA,NA,NA,NA,0,1,NA,NA,NA,NA,1,NA,1,NA,NA,NA,NA,1,NA,NA,NA,0,0,1,0,1,1,NA,0,1,0,1,1,1,NA,0,1,1,NA,1,NA,NA,NA,NA,0,1,NA,NA,1,NA,1,NA,0,0,1,NA,0,NA,NA,NA,NA,NA,NA,NA,NA,NA,NA,NA,1,NA,NA,NA,NA,NA,NA,NA,NA,NA,NA,NA,NA,NA,NA,NA,1,NA,NA,NA,NA,NA,NA,NA,NA,NA,NA,NA,NA,NA,NA,NA,NA,NA,NA,NA,NA,1,NA,NA,1,NA,NA,0,NA,NA,NA,1,NA,NA,NA,1,1,NA,NA,NA,NA,1,NA,1,0,NA,1,1,0,1,0,NA,NA,NA,NA,NA,NA,NA,NA,NA,NA,NA,NA,NA,NA,NA,NA,NA,NA,NA,NA,NA,NA,NA,NA,NA,1,1,NA,NA,1,0,1,1,0,1,1,NA,0,NA,1,NA,1,NA,1,NA,NA,NA,NA,NA,NA,NA,NA,NA,NA,NA,NA,NA,NA,NA,NA,NA,NA,NA,NA,NA,0,1,1,1,0,NA,1,1,1,1,0,1,0,NA,1,0,1,NA,NA,NA,NA,NA,1,NA,1,NA,1,0,0,1,NA,NA,NA,NA,NA,NA,1,NA,1,NA,0,1,1,0,1,0,1,1,0,0,0,1,0,NA,0,0,NA,NA,0,0,0,1,1,1,0,1,0,0,NA,1,0,0,NA,NA,NA,NA,NA,NA,NA,NA,NA,NA
"ROBERTSON (D LA-6)",1,1,1,NA,NA,0,0,0,0,1,0,1,NA,NA,1,NA,1,NA,NA,1,1,0,NA,NA,NA,1,NA,1,0,NA,1,1,NA,NA,0,1,1,1,1,NA,NA,NA,NA,NA,NA,NA,NA,NA,NA,NA,NA,NA,NA,1,NA,NA,NA,0,1,1,1,1,1,0,0,0,1,NA,NA,0,0,NA,1,1,1,0,1,1,1,1,0,1,1,NA,1,0,1,0,1,0,1,0,1,1,NA,NA,0,0,1,NA,NA,NA,NA,1,NA,NA,NA,1,NA,NA,0,0,1,1,NA,1,NA,1,0,NA,0,1,NA,0,NA,0,NA,NA,NA,NA,NA,1,NA,NA,NA,1,NA,NA,NA,NA,NA,NA,NA,NA,NA,NA,NA,NA,NA,NA,NA,1,NA,NA,NA,0,NA,NA,NA,0,NA,NA,NA,NA,NA,0,NA,0,NA,NA,NA,NA,NA,NA,NA,1,NA,NA,0,NA,NA,NA,1,NA,NA,1,1,1,NA,NA,0,1,NA,NA,1,NA,NA,1,NA,NA,NA,NA,1,NA,0,1,0,NA,1,0,1,0,NA,NA,NA,NA,NA,NA,NA,NA,NA,NA,NA,NA,NA,NA,0,1,1,0,0,1,0,1,NA,0,1,1,0,NA,NA,1,0,1,NA,NA,NA,NA,NA,NA,NA,NA,NA,NA,NA,NA,NA,NA,NA,NA,NA,NA,NA,NA,NA,NA,NA,NA,NA,NA,NA,NA,NA,NA,NA,NA,NA,NA,NA,NA,NA,NA,NA,NA,NA,NA,NA,NA,NA,NA,NA,NA,NA,NA,NA,NA,1,1,0,0,1,0,0,1,NA,1,NA,0,NA,0,0,NA,0,1,1,0,0,0,1,0,NA,NA,0,NA,NA,0,0,NA,NA,NA,1,0,0,0,0,0,NA,0,0,NA,NA,NA,NA,NA,NA,NA,NA,1,NA
"REED (R ME-1)",1,1,0,0,1,0,1,0,0,0,1,1,0,1,1,1,0,NA,0,1,0,NA,0,1,0,NA,NA,1,1,0,NA,1,0,1,1,0,0,0,0,NA,1,1,NA,NA,1,0,1,1,1,NA,1,1,1,0,1,0,1,1,0,0,NA,0,0,1,NA,1,0,0,1,1,1,1,0,0,0,1,1,0,0,NA,1,1,1,1,0,0,0,1,NA,1,1,1,1,0,1,1,1,0,1,1,0,0,1,0,0,1,1,1,1,1,1,1,0,NA,NA,NA,NA,NA,NA,NA,NA,NA,NA,NA,NA,NA,NA,NA,NA,NA,NA,0,1,NA,1,0,1,0,0,1,0,0,0,0,0,0,0,0,0,0,0,0,0,0,0,0,1,0,0,0,0,0,0,1,1,0,1,0,1,1,0,1,0,1,1,0,1,1,1,1,1,1,0,1,NA,NA,NA,NA,NA,NA,NA,0,NA,1,1,1,1,1,0,0,0,1,NA,NA,NA,0,NA,1,NA,0,0,0,1,1,1,1,0,1,1,1,1,1,1,1,0,1,1,NA,0,1,1,NA,NA,0,1,1,0,0,1,1,1,0,1,0,0,1,NA,NA,NA,NA,1,1,0,0,0,0,1,1,1,0,1,0,0,1,1,0,1,1,0,0,0,1,1,0,0,0,0,1,0,0,0,0,1,0,1,1,1,0,0,0,1,NA,NA,0,1,1,0,0,1,1,1,1,1,NA,NA,0,0,1,0,1,1,NA,1,0,NA,1,NA,1,0,1,1,1,1,1,1,1,1,1,NA,NA,NA,1,NA,1,1,NA,0,1,1,1,1,1,1,1,1,1,0,0,NA
"FRYE (R ME-2)",NA,NA,NA,NA,NA,NA,NA,NA,NA,NA,NA,NA,NA,NA,NA,NA,NA,NA,NA,NA,NA,NA,NA,NA,NA,NA,NA,NA,NA,NA,NA,NA,NA,NA,NA,NA,NA,NA,NA,NA,NA,NA,NA,NA,NA,NA,NA,NA,NA,NA,NA,NA,NA,NA,NA,NA,NA,NA,NA,NA,NA,NA,NA,NA,NA,NA,NA,NA,NA,NA,NA,NA,NA,NA,NA,NA,NA,NA,NA,NA,NA,NA,NA,NA,NA,NA,NA,NA,NA,NA,NA,NA,NA,NA,NA,NA,NA,NA,NA,NA,NA,NA,NA,NA,NA,NA,NA,NA,NA,NA,NA,NA,NA,NA,NA,NA,NA,NA,NA,NA,NA,NA,NA,NA,NA,NA,NA,NA,NA,NA,NA,NA,NA,NA,NA,NA,NA,NA,NA,NA,NA,NA,NA,NA,NA,NA,NA,NA,NA,NA,NA,NA,NA,NA,NA,NA,NA,NA,NA,NA,NA,NA,NA,NA,NA,NA,NA,NA,NA,NA,NA,NA,NA,NA,NA,NA,NA,NA,NA,NA,NA,NA,NA,NA,NA,NA,NA,NA,NA,NA,NA,NA,NA,NA,NA,NA,NA,NA,NA,NA,NA,NA,NA,NA,NA,NA,NA,NA,NA,NA,NA,NA,NA,NA,NA,NA,NA,NA,NA,NA,NA,NA,NA,NA,NA,NA,NA,NA,NA,NA,NA,NA,NA,NA,NA,NA,NA,NA,NA,NA,NA,NA,NA,NA,NA,NA,NA,NA,NA,NA,NA,NA,NA,NA,NA,NA,NA,NA,NA,NA,NA,NA,NA,NA,NA,NA,NA,NA,NA,NA,NA,NA,NA,NA,NA,NA,NA,NA,NA,NA,NA,NA,NA,NA,NA,NA,NA,NA,NA,NA,NA,NA,NA,NA,NA,NA,NA,NA,NA,NA,NA,NA,NA,NA,NA,NA,NA,NA,NA,NA,NA,NA,NA,NA,NA,NA,NA,NA,NA,NA,NA,NA,NA,NA,NA,NA,NA,NA,NA,NA,NA,NA,NA,NA,NA,NA,NA,NA,NA,NA,NA,NA,NA,NA,NA,NA,NA,NA,NA
"DINGLEY (R ME-2)",1,1,0,NA,1,0,1,1,1,1,1,1,0,1,1,1,NA,NA,NA,1,0,0,0,1,1,1,0,NA,1,0,0,1,0,1,1,0,0,0,0,1,1,1,NA,NA,1,1,1,1,1,1,1,1,1,0,1,0,NA,1,0,NA,0,0,0,1,0,1,0,0,1,1,1,1,0,0,0,1,1,0,1,0,1,1,0,1,0,1,0,1,1,1,1,1,1,0,1,1,1,1,NA,0,0,0,1,0,0,1,NA,1,1,1,1,NA,1,0,0,0,0,0,0,1,1,0,0,1,0,1,0,0,1,1,1,0,1,1,1,0,1,0,0,1,0,0,0,0,0,0,0,0,0,0,0,0,0,0,0,0,1,0,0,0,0,0,0,1,1,0,1,0,1,1,0,1,0,1,1,0,1,1,1,1,1,1,0,1,1,0,1,0,0,0,1,0,0,1,0,1,0,1,0,0,NA,0,NA,1,1,0,1,1,1,0,1,1,1,1,1,1,0,1,1,1,1,1,1,1,0,1,0,NA,0,NA,1,NA,1,0,0,0,0,0,1,NA,0,NA,1,0,1,0,1,1,0,0,NA,1,0,1,0,NA,1,1,1,0,1,0,0,1,1,0,1,1,0,NA,0,1,1,0,0,0,0,1,NA,0,0,0,1,0,1,NA,1,0,0,0,1,NA,NA,0,1,1,0,0,1,1,1,1,1,NA,NA,0,0,1,1,1,1,1,0,0,1,1,0,1,0,1,1,1,1,1,1,1,1,1,NA,NA,NA,1,NA,1,1,NA,NA,1,NA,1,1,1,1,1,NA,1,1,0,1
"LINDSEY (R ME-3)",1,1,0,0,1,0,1,1,0,1,1,1,0,1,1,1,0,0,1,1,0,0,0,1,NA,1,0,1,1,NA,NA,1,0,1,1,0,0,0,0,NA,1,NA,NA,NA,NA,NA,1,NA,1,NA,NA,NA,NA,NA,NA,NA,NA,NA,NA,NA,NA,NA,NA,NA,NA,NA,NA,NA,NA,NA,NA,NA,NA,NA,NA,NA,NA,NA,NA,NA,NA,NA,NA,NA,NA,NA,NA,NA,NA,1,1,1,NA,0,1,1,1,NA,1,NA,NA,0,NA,NA,NA,NA,NA,NA,NA,NA,NA,NA,NA,NA,NA,NA,NA,NA,NA,NA,NA,NA,NA,NA,NA,NA,NA,NA,NA,NA,NA,NA,NA,NA,NA,0,NA,NA,NA,NA,NA,NA,NA,NA,NA,NA,NA,NA,NA,NA,NA,NA,NA,NA,NA,NA,NA,NA,NA,NA,NA,NA,NA,NA,NA,NA,NA,NA,NA,NA,NA,NA,NA,NA,NA,NA,NA,NA,NA,NA,NA,NA,NA,NA,NA,NA,NA,NA,NA,NA,NA,NA,NA,NA,NA,NA,NA,NA,NA,NA,NA,NA,NA,NA,NA,NA,NA,NA,NA,NA,NA,NA,NA,NA,NA,NA,NA,NA,NA,NA,NA,NA,NA,NA,NA,NA,NA,NA,NA,NA,NA,NA,NA,NA,NA,NA,NA,NA,NA,NA,NA,NA,NA,NA,NA,NA,NA,NA,NA,NA,1,1,0,0,0,0,1,1,NA,NA,0,0,0,1,1,0,0,1,0,1,0,1,1,0,0,0,0,1,0,0,0,0,1,0,1,1,NA,NA,0,NA,1,0,NA,0,1,1,0,0,1,NA,1,1,1,NA,NA,0,0,1,1,1,1,NA,0,0,1,NA,1,1,0,1,1,1,1,1,1,1,1,1,0,NA,NA,1,NA,1,1,1,0,1,1,1,1,1,1,NA,1,1,1,0,1
"LADD (National Greenbacker ME-4)",0,0,1,NA,NA,1,NA,NA,1,1,0,1,1,1,1,0,NA,1,0,0,0,NA,1,1,1,0,NA,0,0,1,1,0,1,NA,0,NA,1,1,1,NA,0,NA,NA,NA,1,1,1,1,0,1,0,NA,0,1,NA,NA,NA,1,1,1,1,NA,0,1,0,0,0,0,1,1,1,0,1,1,1,0,1,NA,0,1,0,1,1,0,NA,1,0,NA,NA,0,1,0,1,1,0,0,0,1,NA,NA,1,NA,NA,NA,NA,NA,NA,1,NA,NA,NA,NA,NA,NA,NA,NA,NA,NA,NA,NA,NA,NA,1,0,1,0,0,1,0,NA,NA,1,NA,1,NA,1,NA,NA,NA,NA,NA,NA,NA,NA,NA,NA,NA,NA,NA,NA,NA,1,NA,NA,NA,NA,NA,NA,NA,NA,NA,NA,NA,NA,NA,NA,NA,0,NA,NA,NA,NA,1,NA,NA,1,NA,NA,0,NA,NA,1,0,1,1,0,1,0,NA,NA,NA,1,NA,NA,NA,NA,NA,NA,NA,NA,NA,NA,0,1,0,1,1,0,1,1,0,NA,NA,NA,NA,NA,NA,NA,NA,NA,NA,NA,NA,NA,NA,NA,NA,NA,NA,NA,NA,NA,NA,NA,NA,NA,NA,NA,NA,NA,NA,NA,NA,NA,NA,NA,NA,NA,NA,NA,1,1,1,1,1,1,1,NA,0,1,0,1,1,1,NA,NA,NA,NA,NA,NA,NA,NA,NA,0,NA,1,0,1,1,0,0,1,1,0,1,1,1,1,0,NA,1,1,NA,1,1,1,0,1,0,NA,1,0,0,0,0,0,0,1,1,1,0,0,0,0,1,1,0,0,0,0,0,0,0,0,0,0,0,1,0,0,NA,0,NA,0,0,0,1,1,0,NA,NA,NA,NA,NA,NA,NA,NA,NA,NA
"MURCH (National Greenbacker ME-5)",0,0,0,0,NA,NA,NA,NA,1,NA,0,NA,NA,NA,NA,0,1,NA,NA,NA,NA,NA,NA,NA,NA,0,NA,0,0,NA,1,0,1,NA,0,NA,NA,1,1,NA,NA,NA,NA,NA,1,NA,NA,NA,NA,NA,NA,NA,0,1,0,NA,1,NA,1,1,1,NA,0,1,0,0,NA,NA,NA,NA,1,0,1,NA,NA,0,1,NA,NA,0,0,1,1,1,0,NA,NA,NA,NA,0,1,1,NA,NA,NA,NA,0,NA,NA,NA,NA,1,1,NA,NA,1,NA,1,0,NA,NA,0,0,NA,NA,NA,1,1,1,0,0,1,1,NA,1,0,0,1,0,1,NA,NA,NA,NA,NA,NA,NA,NA,NA,NA,NA,NA,NA,NA,NA,NA,NA,NA,NA,NA,NA,NA,NA,NA,NA,NA,NA,NA,NA,NA,NA,NA,NA,NA,NA,NA,NA,NA,NA,NA,NA,NA,NA,NA,NA,NA,NA,NA,NA,NA,NA,1,NA,NA,NA,NA,NA,NA,NA,NA,NA,NA,NA,NA,NA,NA,NA,1,1,NA,NA,NA,NA,NA,NA,NA,NA,0,NA,1,NA,NA,NA,NA,NA,NA,NA,NA,NA,NA,NA,NA,NA,NA,NA,NA,0,1,NA,0,0,NA,NA,NA,0,0,0,0,0,1,NA,1,1,NA,NA,NA,1,0,0,1,1,0,1,1,1,1,1,0,0,NA,0,1,1,NA,0,1,0,1,1,1,NA,NA,1,0,1,1,0,1,1,0,1,0,1,0,1,NA,1,NA,NA,NA,1,NA,NA,NA,0,1,0,1,NA,NA,NA,NA,NA,NA,NA,NA,NA,NA,1,0,NA,1,0,NA,NA,NA,0,0,NA,0,NA,NA,0,NA,NA,NA,0,0,1,1,NA,0,0,0,0,NA,1,0,0,NA,NA,NA,0,NA,NA,NA,NA,NA,NA
"COVINGTON (D MD-1)",1,1,NA,1,NA,NA,NA,NA,NA,NA,NA,NA,NA,NA,NA,NA,NA,NA,1,NA,NA,NA,NA,NA,1,1,1,0,0,1,1,0,NA,NA,0,1,1,1,1,0,NA,0,NA,NA,0,NA,NA,1,0,1,0,1,1,1,0,1,1,0,1,NA,NA,1,0,1,NA,NA,1,NA,NA,NA,0,0,1,1,1,1,1,1,0,1,1,0,1,0,NA,NA,NA,0,NA,0,1,0,1,1,NA,NA,NA,NA,NA,1,1,1,NA,NA,NA,NA,NA,NA,NA,NA,NA,NA,NA,NA,NA,NA,NA,NA,0,0,0,1,1,0,1,NA,0,0,1,NA,NA,NA,NA,NA,NA,1,NA,NA,NA,NA,NA,NA,NA,NA,NA,NA,NA,NA,NA,NA,NA,NA,NA,NA,NA,NA,NA,NA,NA,NA,NA,NA,NA,NA,NA,NA,NA,NA,NA,NA,NA,NA,1,NA,NA,1,NA,NA,0,NA,NA,NA,1,NA,0,1,NA,1,0,1,0,1,1,1,NA,NA,NA,NA,NA,NA,1,1,NA,NA,NA,NA,NA,0,NA,NA,NA,NA,NA,NA,NA,NA,NA,NA,NA,NA,NA,NA,NA,NA,1,NA,0,1,1,NA,NA,1,0,1,1,0,1,1,0,NA,NA,NA,NA,1,NA,NA,NA,NA,NA,1,1,1,1,1,NA,1,NA,NA,0,1,0,1,1,NA,NA,NA,NA,NA,NA,NA,NA,NA,1,1,1,1,1,0,1,1,1,1,1,1,1,1,0,1,1,1,0,1,0,1,0,0,1,1,0,0,0,0,0,1,1,1,1,0,1,0,0,1,1,0,1,NA,0,0,0,0,0,0,0,NA,NA,0,0,0,NA,1,1,0,0,0,0,0,1,0,0,NA,NA,NA,NA,NA,NA,NA,NA,0,NA
"TALBOTT (D MD-2)",1,1,1,NA,NA,0,0,NA,0,0,1,0,1,1,1,0,1,0,0,0,1,0,NA,NA,1,NA,NA,NA,0,1,1,0,1,NA,0,1,1,1,1,NA,NA,NA,NA,NA,NA,NA,NA,1,0,NA,NA,NA,1,1,0,1,1,NA,NA,NA,1,NA,NA,1,NA,NA,NA,NA,NA,NA,1,0,1,NA,NA,1,1,1,1,1,1,1,1,0,1,NA,NA,0,0,NA,NA,0,1,NA,NA,NA,1,0,1,1,1,1,1,1,1,1,NA,1,NA,NA,NA,0,1,0,0,0,NA,NA,NA,NA,NA,NA,NA,NA,NA,NA,NA,NA,NA,NA,NA,NA,NA,NA,NA,1,NA,NA,NA,NA,NA,NA,NA,NA,NA,NA,NA,NA,NA,NA,NA,1,NA,NA,NA,NA,NA,NA,NA,NA,NA,NA,NA,NA,NA,NA,NA,NA,NA,NA,NA,NA,NA,NA,NA,1,NA,NA,0,NA,NA,NA,1,NA,NA,NA,0,1,1,NA,1,NA,1,NA,NA,0,1,1,1,NA,0,NA,1,1,0,0,NA,1,NA,0,NA,NA,NA,NA,NA,NA,NA,NA,NA,NA,NA,NA,NA,NA,NA,NA,NA,NA,NA,NA,NA,NA,NA,NA,NA,NA,1,1,NA,0,1,1,0,1,0,1,0,0,NA,1,1,NA,NA,NA,NA,1,1,NA,0,0,0,1,1,NA,1,0,0,0,1,1,1,1,NA,1,NA,NA,NA,NA,NA,NA,NA,NA,NA,NA,NA,NA,NA,NA,NA,NA,0,1,1,0,1,0,1,1,0,0,1,0,0,1,1,1,1,0,1,0,0,1,1,0,NA,NA,0,0,1,0,0,0,0,NA,NA,0,0,0,1,1,1,0,1,0,0,0,1,0,0,NA,NA,NA,0,NA,NA,NA,NA,0,NA
"HOBLITZELL (D MD-3)",1,1,1,NA,NA,0,0,0,1,1,0,1,0,0,1,0,1,NA,NA,NA,1,0,1,0,1,1,1,0,0,1,1,1,1,NA,NA,NA,NA,NA,1,NA,NA,NA,NA,NA,NA,NA,NA,1,NA,NA,0,NA,NA,NA,NA,NA,1,0,NA,NA,NA,NA,0,1,0,NA,NA,NA,NA,NA,0,0,1,NA,1,NA,NA,NA,NA,NA,1,0,1,0,NA,NA,NA,0,NA,0,1,NA,1,NA,NA,NA,1,0,NA,1,1,1,1,NA,NA,NA,1,1,NA,NA,NA,0,0,1,0,NA,NA,0,0,0,0,1,1,0,1,0,1,0,1,NA,NA,1,NA,NA,NA,1,NA,NA,NA,NA,NA,NA,NA,NA,NA,NA,NA,NA,NA,NA,NA,1,NA,NA,NA,NA,NA,NA,NA,NA,NA,NA,NA,NA,NA,NA,1,NA,NA,NA,NA,NA,1,NA,NA,1,NA,NA,0,NA,NA,NA,NA,NA,0,0,NA,1,1,1,0,1,1,1,NA,NA,1,NA,1,NA,0,1,NA,1,0,NA,0,1,1,NA,NA,0,NA,NA,NA,NA,NA,NA,NA,NA,NA,NA,NA,NA,1,NA,NA,NA,NA,0,0,1,0,1,1,0,1,1,NA,NA,NA,1,0,1,0,1,0,0,NA,1,1,NA,1,1,1,1,1,NA,NA,NA,NA,NA,NA,NA,0,1,NA,0,NA,1,1,1,NA,NA,1,1,1,0,1,1,NA,NA,NA,NA,NA,NA,NA,1,1,1,0,NA,NA,NA,NA,NA,NA,1,0,0,1,0,NA,1,1,1,1,0,1,0,0,0,1,1,1,NA,0,0,1,0,NA,NA,NA,NA,NA,0,0,0,1,1,1,NA,0,0,0,0,1,0,NA,NA,NA,NA,NA,NA,NA,NA,NA,NA,NA
"MCLANE (D MD-4)",1,1,1,1,NA,0,0,1,0,0,1,0,NA,NA,1,1,1,0,NA,1,NA,NA,1,0,NA,NA,NA,0,0,1,1,1,1,NA,NA,NA,NA,NA,NA,NA,NA,NA,NA,NA,NA,NA,NA,1,0,NA,NA,1,0,1,0,1,NA,NA,NA,NA,NA,0,0,1,0,1,NA,NA,NA,NA,1,0,1,1,1,NA,NA,NA,NA,1,1,1,1,NA,NA,NA,NA,0,NA,0,1,NA,NA,1,0,0,1,NA,NA,NA,NA,1,1,1,NA,1,1,NA,NA,1,1,NA,NA,NA,NA,NA,NA,NA,NA,NA,NA,NA,NA,NA,NA,NA,NA,NA,NA,NA,NA,NA,NA,NA,NA,NA,NA,NA,NA,NA,NA,NA,NA,NA,NA,NA,NA,NA,NA,NA,NA,NA,NA,NA,NA,NA,NA,NA,NA,NA,NA,NA,NA,NA,NA,NA,NA,NA,NA,NA,NA,NA,1,NA,NA,1,NA,NA,0,NA,NA,NA,NA,NA,NA,NA,0,1,NA,NA,1,1,NA,1,1,NA,NA,NA,NA,NA,0,1,1,1,0,1,NA,1,NA,0,NA,0,NA,NA,NA,NA,NA,NA,NA,NA,NA,NA,NA,NA,NA,NA,NA,NA,NA,NA,NA,NA,NA,1,1,0,1,1,NA,NA,NA,0,0,1,0,1,NA,0,1,1,NA,NA,NA,NA,NA,NA,NA,NA,1,0,0,0,1,NA,0,1,NA,NA,0,1,1,1,1,NA,NA,NA,1,0,1,0,NA,1,0,NA,NA,NA,NA,NA,NA,NA,NA,1,NA,0,NA,NA,NA,1,0,0,0,0,0,1,1,NA,1,NA,NA,NA,1,1,1,1,1,NA,NA,0,1,0,0,0,NA,NA,NA,NA,NA,NA,1,1,NA,0,1,NA,NA,NA,1,0,0,NA,NA,NA,NA,NA,NA,NA,NA,1,NA
"CHAPMAN (D MD-5)",1,1,1,1,NA,0,NA,NA,NA,0,1,0,1,NA,NA,1,0,0,NA,NA,NA,NA,1,0,1,0,1,0,0,1,1,0,1,NA,0,1,1,1,1,NA,NA,0,1,0,0,1,1,1,0,1,NA,NA,NA,1,0,NA,1,NA,1,1,1,1,0,0,0,0,0,NA,NA,0,0,NA,1,1,1,1,NA,1,1,NA,1,1,1,0,1,NA,1,1,1,NA,NA,NA,1,1,0,0,1,0,1,NA,NA,1,1,1,0,1,NA,1,NA,NA,0,0,1,1,1,1,NA,NA,NA,NA,NA,NA,NA,NA,NA,NA,NA,NA,NA,NA,NA,NA,NA,NA,NA,NA,NA,NA,NA,NA,NA,NA,NA,NA,NA,NA,NA,NA,NA,NA,NA,NA,NA,NA,NA,NA,NA,NA,NA,NA,NA,NA,NA,NA,NA,NA,NA,1,NA,NA,NA,NA,1,NA,NA,1,NA,NA,0,NA,NA,NA,1,NA,0,1,1,1,1,1,0,1,NA,NA,NA,NA,NA,NA,NA,NA,NA,NA,NA,NA,NA,NA,NA,0,1,1,0,0,NA,NA,NA,NA,NA,NA,NA,NA,NA,NA,NA,NA,1,NA,1,NA,NA,NA,NA,1,0,1,1,1,1,1,0,0,NA,NA,0,1,0,1,0,NA,NA,1,1,NA,NA,NA,NA,0,1,1,NA,NA,NA,NA,NA,1,NA,NA,NA,NA,NA,NA,NA,NA,NA,NA,1,1,1,0,1,1,NA,1,NA,1,1,1,NA,1,1,1,0,1,0,0,0,0,1,1,NA,0,1,0,0,1,1,NA,1,0,1,0,1,1,1,NA,NA,NA,0,NA,0,0,0,0,0,NA,NA,0,0,NA,1,1,1,0,0,0,0,0,1,0,0,NA,NA,NA,1,NA,NA,NA,NA,NA,NA
"URNER (R MD-6)",1,1,0,0,NA,0,1,1,0,0,1,0,NA,NA,1,1,0,0,NA,1,NA,NA,1,1,0,NA,NA,1,1,0,0,1,1,1,NA,NA,NA,NA,NA,NA,NA,NA,NA,NA,NA,NA,NA,NA,NA,NA,1,NA,NA,NA,NA,NA,NA,NA,NA,NA,NA,0,0,1,1,1,NA,NA,NA,1,1,1,0,0,NA,NA,NA,NA,NA,1,1,1,1,NA,NA,0,1,1,1,1,NA,NA,NA,0,1,1,1,0,1,0,0,0,NA,NA,0,1,1,NA,NA,NA,NA,NA,1,1,NA,NA,0,0,0,1,1,0,0,0,0,1,0,0,1,1,1,0,1,1,1,NA,1,0,0,1,0,0,0,0,0,0,NA,0,0,0,0,NA,0,0,0,0,1,0,0,0,0,0,0,1,1,0,1,0,1,1,0,1,NA,NA,0,0,1,1,1,1,1,1,NA,1,1,0,0,1,0,0,1,0,0,1,NA,1,0,NA,NA,NA,NA,1,NA,1,NA,NA,NA,1,NA,NA,NA,1,NA,1,1,1,0,1,1,1,1,1,1,1,NA,1,NA,NA,NA,NA,NA,NA,NA,1,1,1,1,1,NA,NA,0,0,1,1,0,1,1,1,1,0,NA,NA,NA,NA,0,0,NA,NA,0,0,0,1,1,NA,NA,NA,NA,NA,NA,NA,0,1,NA,NA,NA,NA,NA,NA,NA,NA,NA,NA,NA,NA,NA,NA,NA,NA,NA,NA,NA,1,NA,NA,NA,1,NA,0,1,1,1,1,1,0,0,NA,0,1,0,1,NA,NA,NA,0,1,NA,NA,1,0,1,NA,NA,NA,1,1,1,1,1,1,1,1,0,NA,NA,NA,NA,0,0,NA,1,1,1,NA,NA,NA,NA,1,NA,NA
"CRAPO (R MA-1)",1,1,0,NA,1,0,1,1,1,1,1,1,1,1,1,1,0,NA,NA,1,NA,1,NA,1,1,1,0,1,1,0,0,1,0,1,1,0,0,0,0,1,NA,0,NA,NA,1,0,1,1,NA,NA,NA,NA,NA,NA,NA,0,NA,1,0,0,0,0,0,1,1,1,0,0,1,1,1,1,0,0,NA,1,NA,0,1,1,1,1,0,NA,0,0,0,1,1,1,0,1,1,NA,NA,NA,1,NA,NA,0,0,0,1,0,NA,1,1,1,1,1,1,1,0,0,1,0,0,0,0,1,1,0,0,0,0,1,0,0,1,1,1,0,1,1,1,0,1,0,0,1,0,0,0,0,0,0,0,0,0,0,0,0,0,0,0,0,1,0,0,0,0,0,0,1,1,0,1,0,1,1,0,1,NA,NA,NA,0,1,1,1,1,1,1,NA,1,1,0,0,NA,NA,NA,NA,1,0,NA,1,1,1,NA,0,0,0,1,NA,1,1,0,1,1,1,NA,NA,1,NA,1,1,1,0,1,1,1,1,1,1,1,0,1,NA,NA,NA,NA,NA,NA,NA,NA,NA,NA,NA,NA,1,0,0,0,1,1,NA,NA,NA,NA,NA,1,1,1,NA,NA,NA,0,NA,1,1,0,1,NA,NA,NA,NA,NA,NA,1,0,NA,0,1,1,0,0,0,1,0,0,0,0,1,1,0,NA,1,1,0,0,NA,NA,NA,NA,0,1,1,0,0,1,0,1,1,1,0,0,0,0,1,0,1,1,1,1,0,1,NA,1,1,0,1,NA,NA,NA,NA,1,1,1,1,NA,0,1,1,1,1,1,NA,0,1,1,1,1,1,1,NA,NA,NA,NA,0,1
"HARRIS (R MA-2)",1,1,0,0,1,0,1,1,0,1,1,1,1,1,1,1,0,1,1,1,0,1,NA,NA,1,NA,1,NA,1,0,NA,1,0,1,1,0,0,NA,1,0,1,NA,NA,NA,NA,NA,NA,1,1,NA,NA,NA,NA,NA,1,NA,1,NA,NA,NA,NA,NA,NA,NA,1,1,0,0,1,1,1,1,0,NA,NA,1,1,NA,NA,1,1,1,0,1,0,0,0,1,1,1,0,1,NA,0,1,1,1,1,0,0,0,NA,NA,NA,NA,NA,NA,NA,NA,NA,NA,NA,0,0,0,0,NA,NA,0,1,1,0,0,0,0,1,0,0,1,1,1,0,1,1,1,0,1,0,0,1,0,0,0,0,0,0,0,NA,0,0,0,0,0,0,0,0,1,0,0,0,0,0,0,1,1,1,1,0,1,1,0,1,0,1,1,0,1,1,1,1,1,1,NA,1,NA,NA,NA,NA,NA,NA,NA,NA,0,NA,1,1,1,NA,NA,NA,0,1,0,1,NA,0,1,1,1,0,0,1,1,1,1,1,0,1,1,1,1,1,1,1,0,1,1,NA,0,1,1,0,1,1,1,1,1,1,1,1,1,0,1,1,1,1,1,1,1,1,1,1,0,0,0,0,1,1,0,0,0,1,1,1,NA,NA,NA,1,0,1,0,1,1,0,NA,0,0,1,0,0,0,0,1,NA,1,1,1,0,0,NA,1,0,1,0,1,1,NA,NA,1,1,1,1,1,0,0,0,0,1,1,1,1,1,1,0,1,0,1,1,0,1,1,1,1,1,1,1,1,1,1,NA,1,1,1,1,1,1,0,1,1,1,1,1,1,1,1,1,1,0,1
"RANNEY (R MA-3)",1,1,0,0,1,0,1,NA,0,1,1,0,0,1,1,NA,0,0,NA,1,1,1,1,1,0,1,0,1,1,0,0,1,0,1,1,0,0,0,1,1,1,0,NA,1,1,NA,1,1,0,1,NA,NA,1,0,1,0,1,NA,NA,NA,NA,0,0,1,1,1,0,0,1,1,1,1,0,0,0,1,1,NA,NA,1,1,1,0,1,0,1,0,NA,1,1,NA,1,NA,0,1,1,NA,NA,NA,0,NA,0,1,0,NA,1,1,1,1,1,1,1,1,NA,1,NA,0,0,0,1,1,0,0,0,0,1,0,0,1,1,1,NA,1,1,1,0,1,0,0,1,0,0,0,0,0,0,0,NA,0,0,0,0,0,0,0,0,1,0,0,0,0,0,0,1,NA,0,1,0,1,1,0,1,0,1,1,0,1,1,1,1,1,1,0,1,1,NA,0,1,NA,NA,NA,NA,NA,NA,NA,0,NA,1,0,0,0,1,0,1,NA,NA,NA,1,1,0,1,1,1,1,1,1,0,1,1,1,1,1,1,1,NA,1,NA,NA,NA,NA,NA,0,1,0,0,1,0,0,1,0,NA,NA,NA,NA,NA,NA,NA,NA,NA,0,1,NA,0,1,0,NA,1,1,NA,0,0,0,0,1,1,1,NA,1,0,0,0,1,1,0,0,0,0,1,0,0,0,0,1,0,1,1,NA,0,0,0,NA,0,1,0,1,1,0,0,1,0,1,1,1,0,0,NA,0,1,0,1,1,1,1,0,1,1,1,1,0,1,1,1,1,1,1,NA,1,1,0,0,0,1,0,1,1,1,0,1,1,1,1,1,1,1,1,1,1,0,1
"MORSE (D MA-4)",NA,NA,NA,NA,NA,NA,NA,0,1,1,1,1,NA,1,1,1,1,1,0,1,NA,1,0,NA,NA,NA,NA,NA,NA,NA,NA,NA,1,NA,0,1,1,1,0,NA,NA,NA,NA,NA,NA,NA,NA,1,0,1,NA,1,1,0,1,1,1,NA,NA,NA,NA,0,0,1,0,1,0,NA,1,NA,NA,0,0,0,0,1,NA,NA,NA,1,1,1,0,0,NA,1,0,NA,1,NA,1,NA,1,NA,NA,NA,1,NA,NA,1,1,0,1,1,NA,NA,NA,1,NA,NA,NA,NA,NA,NA,NA,NA,NA,NA,NA,NA,NA,NA,NA,NA,NA,NA,NA,NA,NA,NA,NA,NA,NA,NA,NA,NA,NA,NA,NA,NA,NA,NA,NA,NA,NA,NA,NA,NA,NA,0,0,NA,NA,0,NA,NA,NA,0,0,NA,NA,0,NA,1,NA,NA,NA,0,NA,NA,NA,NA,NA,1,NA,0,1,0,NA,NA,NA,NA,1,NA,NA,NA,NA,NA,0,0,1,0,NA,NA,0,0,1,NA,1,0,0,1,NA,NA,NA,NA,NA,1,1,0,1,NA,NA,NA,NA,NA,NA,NA,NA,NA,NA,NA,NA,NA,NA,NA,0,1,1,1,0,1,0,0,1,0,0,0,NA,1,NA,NA,NA,NA,NA,NA,NA,NA,NA,1,NA,1,0,0,0,0,1,1,0,1,NA,NA,1,0,NA,NA,NA,NA,NA,1,0,1,1,NA,NA,0,1,0,1,0,0,1,0,0,1,1,NA,1,NA,NA,1,NA,NA,0,1,0,0,0,0,1,1,NA,NA,NA,NA,NA,NA,NA,1,1,1,1,1,NA,1,1,1,NA,0,0,0,0,0,0,NA,1,1,1,0,0,0,1,NA,0,0,0,1,1,0,NA,NA,NA,1,NA,NA,1,NA,NA,NA
"BOWMAN (R MA-5)",1,1,0,NA,1,0,1,0,NA,1,1,1,0,1,1,1,NA,NA,NA,1,0,1,1,1,0,NA,0,1,1,NA,0,1,0,1,1,0,0,0,1,NA,NA,NA,NA,NA,NA,NA,NA,NA,NA,NA,NA,NA,NA,NA,NA,NA,NA,NA,NA,NA,NA,NA,NA,NA,NA,NA,NA,NA,NA,NA,NA,NA,NA,NA,NA,NA,1,NA,NA,NA,1,1,0,1,0,0,0,NA,1,1,0,1,1,0,1,1,1,NA,NA,NA,0,0,1,0,NA,NA,NA,1,NA,1,NA,NA,NA,NA,NA,NA,0,0,0,1,1,0,0,0,NA,1,NA,NA,NA,NA,NA,NA,NA,NA,1,0,1,0,0,1,0,0,0,0,0,0,NA,0,0,0,0,NA,NA,0,0,0,1,0,0,0,0,0,0,NA,1,0,1,0,1,1,0,1,0,1,NA,0,1,1,1,1,1,1,0,1,1,NA,NA,NA,NA,NA,NA,NA,0,1,1,0,1,1,0,0,0,1,NA,1,1,0,1,NA,1,0,NA,NA,NA,1,1,1,0,1,1,1,1,1,1,1,NA,0,NA,NA,0,NA,NA,NA,NA,NA,NA,NA,NA,NA,NA,NA,0,NA,1,1,NA,NA,NA,NA,NA,NA,NA,NA,NA,NA,NA,0,1,NA,NA,NA,NA,NA,1,1,NA,NA,NA,1,0,1,0,1,NA,NA,0,0,NA,1,1,0,0,1,1,0,1,1,1,0,NA,0,NA,NA,NA,0,1,1,0,0,1,1,NA,NA,1,NA,0,0,0,NA,0,1,1,1,1,0,NA,NA,NA,1,0,1,NA,1,NA,NA,1,1,1,1,NA,NA,0,1,NA,1,1,1,0,1,1,1,1,1,1,NA,1,NA,NA,0,1
"STONE (R MA-6)",1,1,0,0,NA,NA,NA,1,0,0,1,1,0,1,1,1,0,NA,NA,NA,0,1,1,NA,NA,1,0,1,1,0,0,1,0,NA,1,0,0,0,1,NA,NA,NA,NA,NA,1,1,1,1,0,1,0,1,1,0,1,0,1,1,0,NA,0,0,0,1,1,1,0,0,NA,NA,NA,1,0,NA,NA,1,1,NA,NA,NA,NA,1,0,1,NA,0,0,1,1,1,1,1,1,0,1,1,1,0,NA,1,0,0,1,0,0,1,NA,1,1,1,1,1,0,NA,NA,NA,0,NA,0,1,1,0,0,0,1,1,0,0,1,1,1,0,NA,1,1,0,1,0,0,1,NA,NA,0,0,0,0,0,0,0,0,0,0,0,0,0,0,NA,0,0,0,0,0,NA,1,1,0,1,0,1,1,0,1,0,1,NA,0,1,1,1,NA,1,1,0,1,1,NA,0,1,0,0,1,0,0,1,1,1,0,1,0,0,0,1,1,1,NA,0,1,1,1,0,NA,1,NA,1,1,1,0,1,1,1,1,1,1,1,0,1,NA,1,NA,1,1,NA,1,1,1,NA,1,1,NA,NA,1,0,NA,1,0,1,1,0,NA,NA,1,1,0,0,0,0,1,1,NA,0,0,NA,0,1,1,1,NA,1,0,NA,NA,NA,1,0,0,0,1,0,1,0,0,1,0,0,1,1,NA,1,1,0,1,1,NA,NA,1,1,0,0,1,1,1,1,NA,0,0,0,NA,1,0,1,1,0,1,0,1,NA,1,1,0,1,1,1,1,1,1,1,1,1,1,1,1,1,0,1,1,0,NA,1,1,1,1,1,1,NA,1,NA,1,NA,1
"RUSSELL (R MA-7)",1,1,0,NA,1,0,1,1,0,1,1,0,0,1,NA,1,0,0,NA,1,0,1,0,1,1,1,NA,NA,NA,NA,NA,1,NA,1,NA,0,0,0,NA,NA,NA,NA,NA,NA,NA,0,1,NA,NA,NA,NA,1,1,0,1,NA,NA,1,0,NA,NA,0,0,1,1,1,0,0,1,1,1,1,0,0,0,1,1,0,1,NA,1,1,1,1,0,1,0,NA,1,0,0,1,1,0,1,1,1,NA,1,NA,NA,0,1,NA,NA,NA,NA,NA,NA,NA,NA,NA,NA,NA,NA,NA,0,0,0,1,1,0,0,1,0,NA,0,0,1,1,1,0,1,1,1,0,1,0,0,1,0,NA,0,0,0,0,0,0,NA,0,NA,0,NA,0,0,0,1,0,0,0,0,0,0,1,NA,0,1,0,1,1,0,1,0,1,1,0,1,1,1,1,1,1,0,1,1,0,0,1,NA,NA,NA,NA,NA,NA,NA,NA,NA,NA,NA,NA,0,1,NA,1,NA,NA,NA,NA,1,NA,NA,1,1,1,1,1,0,1,1,1,1,1,1,1,0,1,1,NA,0,1,1,0,1,1,NA,1,1,1,1,1,NA,NA,NA,NA,NA,NA,NA,NA,NA,NA,NA,NA,NA,NA,NA,0,1,NA,NA,NA,NA,1,1,NA,NA,NA,NA,1,NA,NA,NA,NA,NA,NA,0,0,0,1,0,0,0,0,1,0,NA,NA,1,0,NA,0,1,NA,NA,0,1,1,0,0,NA,NA,NA,NA,NA,NA,NA,0,0,1,0,1,1,1,1,0,1,NA,1,1,0,1,1,NA,1,1,1,1,1,1,0,0,0,1,NA,NA,NA,NA,NA,NA,NA,NA,NA,NA,NA,NA,NA,NA,NA,NA,NA
"CANDLER (R MA-8)",1,1,0,0,1,0,1,1,1,1,1,1,1,1,1,1,0,0,1,1,0,1,1,1,0,1,NA,1,1,0,0,1,0,1,1,0,0,0,0,1,1,1,NA,1,1,0,1,1,0,1,1,1,1,0,1,0,1,1,0,0,0,0,0,1,1,1,0,0,1,1,1,1,0,0,0,1,1,0,0,1,NA,NA,NA,1,0,0,0,NA,1,1,NA,1,1,0,1,1,1,0,1,0,0,0,1,0,NA,1,NA,1,1,NA,NA,1,NA,NA,NA,NA,0,0,0,1,1,0,0,NA,0,NA,0,0,1,1,1,0,1,1,1,0,1,0,0,1,0,0,0,0,0,0,0,0,0,0,0,0,0,0,0,0,1,0,0,0,0,0,0,1,1,0,1,0,1,1,0,1,0,1,NA,NA,NA,NA,NA,NA,NA,NA,NA,NA,NA,NA,NA,NA,NA,NA,NA,NA,NA,1,1,0,1,1,0,0,0,1,1,1,1,0,1,1,1,0,NA,1,1,1,1,1,0,1,1,1,1,1,1,1,0,1,1,NA,0,1,NA,0,1,1,1,0,1,1,1,NA,NA,0,1,1,0,1,NA,NA,NA,NA,1,NA,NA,NA,NA,NA,NA,NA,NA,NA,NA,NA,NA,1,NA,NA,NA,NA,NA,1,0,1,1,NA,0,0,1,0,1,0,0,1,0,0,NA,1,NA,0,0,NA,NA,NA,NA,NA,1,1,0,0,NA,1,1,1,1,0,0,0,0,1,NA,1,1,1,1,0,1,1,1,1,0,1,1,1,1,1,1,1,1,1,1,1,1,1,NA,NA,NA,NA,0,1,1,NA,NA,1,1,NA,NA,NA,NA,0,1
"RICE (R MA-9)",1,1,0,0,NA,0,0,0,0,1,1,1,1,1,1,1,NA,0,1,1,0,1,1,1,0,1,NA,NA,NA,NA,0,1,0,NA,1,0,0,0,1,NA,1,NA,NA,NA,NA,NA,1,1,1,1,1,1,1,0,1,NA,1,1,0,0,NA,0,0,1,NA,1,0,0,1,1,1,1,0,0,NA,1,1,0,1,NA,1,1,0,NA,NA,NA,NA,NA,NA,NA,NA,NA,NA,0,1,1,1,0,NA,0,0,0,1,1,NA,1,1,1,1,1,1,1,0,NA,1,0,0,0,0,1,0,0,0,0,0,1,0,0,1,1,1,0,1,1,NA,NA,NA,0,0,1,0,0,0,0,0,0,0,0,0,0,NA,NA,NA,0,0,0,1,0,0,0,0,0,0,1,1,0,1,0,1,1,0,1,0,1,1,0,1,1,1,1,1,1,0,1,1,0,0,1,0,0,1,1,0,1,1,1,1,1,0,0,NA,NA,NA,NA,NA,NA,NA,1,1,NA,NA,NA,1,1,1,1,0,1,1,1,1,1,1,1,0,1,NA,NA,0,1,1,0,1,1,NA,1,1,1,NA,1,1,NA,1,1,0,NA,NA,NA,NA,NA,1,1,0,0,0,0,1,1,1,0,1,0,0,1,1,1,1,1,0,1,0,1,1,0,0,0,1,0,0,0,0,1,1,0,1,1,1,0,0,0,1,0,1,0,1,1,0,0,1,1,1,1,1,0,0,0,0,1,1,1,1,1,1,0,NA,1,1,1,0,1,1,1,1,1,1,1,1,1,1,0,NA,NA,NA,NA,NA,NA,NA,NA,NA,NA,NA,NA,NA,NA,NA,NA,NA,NA,NA
"NORCROSS (R MA-10)",1,1,0,0,1,NA,1,NA,NA,NA,NA,NA,1,1,1,1,NA,NA,1,NA,0,1,1,NA,NA,1,0,1,1,0,0,1,0,1,1,0,0,0,0,NA,1,NA,NA,NA,1,0,1,NA,NA,1,1,1,1,0,1,0,1,1,0,0,0,0,0,1,1,1,0,0,1,1,1,1,0,NA,NA,1,1,0,0,1,1,1,0,1,0,1,0,1,1,NA,NA,1,1,0,1,1,1,0,1,1,0,0,1,0,0,1,1,NA,1,1,1,1,1,0,1,0,0,0,0,1,1,0,0,1,0,1,0,0,1,1,1,0,1,1,1,0,1,0,0,1,0,0,0,0,0,0,0,0,0,0,0,0,0,0,0,0,1,0,0,0,0,0,0,1,1,0,1,0,1,1,0,1,0,1,1,0,1,1,1,1,1,1,0,1,1,0,0,1,0,0,1,0,NA,NA,1,NA,NA,1,0,0,0,1,1,NA,NA,0,1,1,1,0,1,NA,1,1,1,1,0,1,1,1,1,1,1,1,0,1,1,NA,0,1,1,0,1,0,0,1,1,0,1,0,0,NA,1,0,NA,NA,NA,NA,NA,1,1,1,0,0,0,0,1,1,1,0,1,0,0,NA,NA,0,0,1,0,0,0,1,NA,0,0,0,1,0,0,0,0,0,1,0,1,1,1,0,0,1,1,NA,1,NA,NA,NA,0,0,1,1,1,1,NA,0,0,0,0,1,0,1,1,1,1,NA,NA,NA,1,1,0,1,1,1,1,1,1,1,1,1,0,0,0,1,NA,NA,NA,NA,0,1,NA,NA,NA,NA,NA,1,1,NA,1,0,1
"ROBINSON (R MA-11)",1,1,0,NA,1,0,1,0,1,1,1,1,NA,1,1,1,0,NA,0,1,0,1,0,NA,1,NA,0,1,1,0,0,1,0,1,1,0,0,0,0,1,1,1,0,1,1,0,1,1,1,1,1,1,1,0,1,0,1,1,0,0,0,0,0,1,1,1,NA,NA,1,NA,1,1,0,NA,NA,1,1,1,1,1,1,1,1,1,0,1,0,1,1,1,0,1,1,0,1,1,1,1,1,0,0,0,1,NA,NA,1,1,1,1,1,1,1,0,0,NA,0,0,0,0,0,0,0,0,0,0,1,0,0,1,1,1,0,1,1,1,0,1,0,0,1,0,0,0,0,0,0,0,0,0,0,0,0,0,0,0,0,1,0,0,0,0,0,0,1,1,0,1,0,1,1,0,1,NA,1,1,NA,1,1,NA,1,1,1,NA,1,NA,NA,NA,NA,0,0,1,0,0,1,NA,NA,NA,NA,NA,0,0,1,0,1,1,0,1,1,1,0,1,1,1,1,1,1,0,1,1,1,1,1,1,1,0,1,1,NA,0,1,1,0,1,0,0,1,1,0,1,0,0,0,1,0,0,1,NA,NA,NA,1,1,1,0,1,0,0,1,1,0,0,1,0,0,1,1,1,NA,1,0,NA,NA,1,1,0,0,0,1,0,0,0,0,0,1,0,1,1,1,0,0,0,1,1,1,0,1,1,0,0,1,1,1,1,1,0,0,0,NA,NA,0,1,1,1,1,0,1,1,1,1,0,1,1,1,1,1,1,1,1,1,0,0,0,1,0,1,1,1,0,1,1,1,1,1,1,NA,1,1,1,0,1
"LORD (R MI-1)",1,1,0,0,1,0,1,1,0,1,1,1,0,1,1,1,0,0,1,1,0,1,0,1,1,1,1,0,1,0,0,1,0,1,1,0,0,0,0,1,1,NA,NA,NA,1,NA,NA,1,NA,1,NA,1,1,NA,1,0,NA,1,0,0,0,0,0,1,NA,NA,NA,NA,1,1,NA,1,0,0,0,NA,NA,NA,NA,NA,1,1,1,1,0,1,0,1,1,1,1,1,1,0,1,1,1,0,1,1,0,0,1,0,0,1,1,1,1,1,1,0,1,0,0,0,0,0,0,1,1,0,0,0,0,1,0,0,1,1,1,0,1,1,1,0,1,0,0,1,0,0,0,0,0,0,0,0,0,0,0,0,0,0,0,0,1,0,0,0,0,0,0,1,1,0,1,0,1,1,0,1,0,1,1,0,1,1,1,1,1,1,0,1,NA,NA,NA,NA,NA,NA,NA,NA,0,1,1,1,1,1,0,0,0,1,1,1,1,0,1,1,1,NA,NA,1,1,1,1,1,0,1,1,1,1,1,1,1,0,1,NA,1,NA,1,1,0,1,1,0,0,1,1,NA,0,0,0,NA,1,0,1,NA,1,1,0,1,1,0,1,0,NA,1,1,1,0,1,1,0,1,NA,0,0,1,0,1,0,1,1,NA,0,0,0,1,0,0,0,0,1,0,1,1,NA,NA,0,1,1,NA,NA,0,1,1,0,0,1,0,1,1,1,0,0,0,0,1,0,1,1,1,1,0,1,NA,1,1,0,1,1,1,1,1,1,1,1,1,1,1,1,NA,1,1,1,1,0,1,1,1,1,1,1,1,1,NA,NA,0,1
"WILLITS (R MI-2)",1,1,0,0,1,0,1,1,0,0,NA,1,1,NA,1,1,0,0,1,1,0,1,0,1,1,NA,0,1,1,0,0,1,0,1,1,0,0,0,0,1,1,1,0,NA,1,0,1,1,0,1,1,1,1,0,1,0,NA,1,0,0,0,0,0,1,1,1,NA,0,1,1,1,1,1,0,0,NA,NA,NA,NA,NA,1,1,1,1,0,NA,NA,NA,NA,NA,NA,NA,1,NA,NA,NA,NA,0,1,0,NA,0,1,0,0,NA,1,NA,1,1,1,NA,NA,NA,1,NA,0,0,0,1,1,0,0,0,0,1,0,0,1,1,1,0,1,1,1,0,NA,0,0,1,0,0,0,0,0,0,0,0,0,0,0,0,0,0,0,0,1,0,0,0,0,0,0,1,1,0,1,0,1,1,0,1,0,1,1,0,1,1,1,1,1,1,0,1,1,0,1,1,0,0,1,1,NA,NA,NA,0,0,NA,0,0,0,1,NA,1,1,NA,1,1,1,1,0,1,1,1,1,1,0,1,1,1,1,1,1,1,0,1,0,NA,NA,1,1,0,1,0,1,0,1,1,NA,NA,1,0,NA,0,0,1,1,1,1,0,1,1,0,1,0,0,1,NA,0,0,1,1,1,1,1,0,1,1,0,NA,0,1,1,1,NA,0,0,1,1,1,0,0,1,0,1,1,NA,0,0,1,1,0,1,0,1,1,0,NA,1,0,1,1,1,0,0,NA,0,1,0,1,1,1,1,0,1,0,1,1,0,1,1,1,1,1,1,1,NA,1,NA,NA,0,1,NA,1,1,NA,0,1,1,1,1,1,1,1,1,NA,NA,0,1
"LACEY (R MI-3)",1,1,0,0,NA,0,1,NA,0,0,1,NA,0,1,1,1,NA,NA,1,1,NA,1,NA,1,1,1,NA,NA,1,0,NA,1,0,1,1,0,0,0,0,NA,1,1,NA,1,NA,0,1,1,NA,1,1,NA,1,0,1,0,1,1,0,0,0,0,0,1,1,1,NA,NA,1,1,1,1,NA,0,0,NA,NA,NA,NA,NA,1,1,1,1,0,1,0,1,1,NA,NA,1,1,0,1,1,1,NA,1,NA,0,0,1,0,0,1,NA,1,1,1,1,0,1,0,1,0,NA,NA,NA,NA,NA,NA,NA,NA,NA,NA,NA,NA,NA,1,1,0,1,1,1,0,1,0,0,1,0,0,0,0,0,0,0,0,0,0,0,0,0,0,0,0,1,0,0,0,0,0,0,1,1,0,1,0,1,1,0,1,0,1,NA,0,1,1,1,1,1,1,0,1,1,0,1,1,NA,NA,NA,0,0,1,NA,NA,NA,NA,NA,NA,NA,NA,1,1,NA,0,1,1,1,0,NA,1,1,1,1,1,0,1,1,1,1,1,1,1,0,1,0,NA,NA,NA,NA,0,NA,NA,NA,NA,NA,NA,NA,0,NA,NA,NA,NA,NA,NA,1,1,NA,0,1,1,1,1,1,1,1,1,1,0,1,0,0,1,1,0,1,1,NA,1,0,1,1,0,0,0,1,0,1,0,0,1,1,0,1,1,1,NA,0,1,1,0,1,0,1,1,0,0,1,1,1,1,1,0,0,0,NA,NA,NA,NA,1,1,1,0,1,1,0,1,0,1,1,1,1,1,1,1,1,1,0,0,0,1,0,1,1,1,1,1,1,1,1,1,1,0,0,1,0,0,1
"BURROWS (R MI-4)",1,1,0,0,1,0,1,1,0,0,1,0,0,1,1,1,0,1,NA,1,0,1,0,1,NA,1,NA,1,1,NA,0,1,0,1,1,0,0,0,0,1,NA,1,NA,1,1,1,1,1,1,1,1,1,1,0,1,1,1,1,0,0,0,0,0,1,NA,1,NA,NA,1,NA,1,1,NA,0,0,1,1,1,1,NA,1,1,1,1,0,1,0,1,1,1,NA,1,1,0,1,1,1,NA,1,NA,NA,0,1,0,0,1,1,1,1,1,1,0,1,0,NA,0,NA,0,0,1,1,0,0,0,0,1,0,0,1,1,1,0,1,1,1,0,1,0,0,1,0,0,0,0,0,0,0,0,0,0,0,0,0,0,0,0,1,NA,0,0,0,0,0,1,NA,0,1,0,1,1,0,1,0,1,0,0,1,1,1,1,1,1,0,1,1,0,1,1,0,0,1,NA,0,1,1,1,0,0,0,NA,0,1,0,1,NA,0,1,1,NA,NA,NA,1,1,1,1,1,0,1,1,1,1,1,1,1,0,1,0,NA,0,1,1,0,1,0,0,0,0,0,1,1,1,0,1,1,0,1,1,0,0,0,1,1,NA,NA,0,0,1,1,0,0,1,1,0,NA,1,0,0,1,0,1,0,1,1,0,0,0,0,1,0,0,0,0,1,0,1,1,1,0,0,0,1,0,1,0,1,1,0,0,1,0,1,1,1,NA,NA,0,0,1,NA,NA,1,1,1,NA,1,1,1,1,0,1,1,1,1,1,1,1,1,1,0,0,0,1,1,1,1,1,0,1,1,1,1,1,1,NA,NA,NA,NA,0,1
"WEBBER (R MI-5)",1,1,0,0,1,NA,1,1,0,1,1,1,0,0,1,1,0,0,1,1,0,1,0,1,1,1,1,1,NA,NA,0,1,0,1,1,0,0,0,0,1,NA,NA,NA,NA,NA,NA,NA,NA,NA,NA,0,1,1,0,1,0,NA,1,0,NA,NA,0,0,1,1,1,NA,0,1,1,1,0,1,0,0,1,1,0,0,0,1,1,1,1,0,1,0,1,1,1,1,1,1,0,1,1,1,NA,NA,0,0,0,1,0,0,1,1,1,1,1,1,0,1,0,0,0,0,0,0,1,1,0,0,0,0,1,0,0,1,1,1,0,1,1,1,0,1,0,0,1,0,0,0,0,0,0,0,0,0,0,0,0,0,0,0,0,1,0,0,0,0,0,0,1,1,0,1,0,1,1,0,1,0,1,0,0,1,1,1,1,1,1,0,1,1,0,0,1,0,0,1,0,0,1,1,1,NA,0,0,0,0,1,NA,NA,NA,NA,NA,1,1,0,1,NA,1,1,1,1,0,1,1,1,1,1,1,1,0,1,1,1,0,1,1,0,1,1,1,1,1,1,0,0,NA,0,1,1,0,1,1,1,0,0,1,1,1,1,NA,1,1,NA,0,1,0,1,1,1,NA,NA,NA,NA,NA,1,0,1,1,0,0,0,0,1,0,0,0,0,1,0,1,1,1,1,0,1,1,0,NA,0,1,1,0,0,1,1,1,1,NA,NA,0,NA,0,1,0,1,1,0,1,NA,NA,NA,1,1,0,1,1,1,1,1,1,1,1,1,1,1,1,1,NA,1,1,NA,0,1,NA,NA,NA,NA,NA,NA,NA,NA,NA,0,1
"SPAULDING (R MI-6)",1,1,0,0,1,0,0,1,0,1,1,0,NA,NA,NA,NA,NA,NA,NA,1,0,1,0,1,0,1,NA,1,1,0,NA,1,0,1,1,0,0,0,0,NA,1,1,0,NA,1,NA,1,1,NA,1,1,NA,NA,NA,1,0,1,NA,NA,NA,NA,0,0,1,NA,1,NA,NA,1,1,1,0,1,NA,NA,NA,NA,NA,NA,NA,1,1,1,1,0,1,0,1,1,1,NA,1,1,0,1,1,1,0,NA,NA,NA,NA,NA,NA,NA,1,1,1,1,1,1,NA,1,0,0,0,0,NA,0,1,1,NA,0,0,0,1,0,0,1,1,1,0,1,1,1,0,1,0,0,1,0,0,0,0,0,0,0,0,0,0,0,0,0,0,0,0,1,0,0,0,0,0,0,1,NA,0,1,0,1,1,0,1,0,1,1,0,1,1,1,1,1,1,NA,1,1,NA,1,1,NA,NA,NA,0,0,1,1,0,1,1,0,NA,0,1,NA,1,1,0,NA,1,1,NA,1,NA,1,1,1,1,0,1,1,1,1,1,1,1,0,1,NA,NA,NA,1,1,0,1,0,0,NA,NA,NA,1,0,0,0,NA,1,NA,NA,NA,NA,NA,NA,NA,1,1,NA,0,1,1,1,NA,NA,NA,NA,NA,NA,NA,NA,NA,NA,NA,NA,NA,NA,NA,NA,NA,NA,NA,NA,NA,NA,NA,NA,NA,NA,1,1,NA,NA,NA,0,NA,1,NA,0,1,1,0,0,1,1,1,1,1,0,NA,NA,NA,NA,1,1,NA,1,1,NA,1,0,1,1,0,1,1,1,1,1,1,1,1,1,NA,NA,NA,1,NA,1,1,1,0,1,NA,1,NA,1,NA,NA,NA,NA,NA,0,NA
"RICH (R MI-7)",1,1,0,0,1,0,1,1,0,0,1,1,0,1,1,1,1,1,1,1,0,1,0,1,1,1,1,1,1,0,0,1,0,1,1,0,0,0,0,1,1,1,0,1,NA,0,1,NA,0,1,1,1,1,0,1,0,1,1,0,0,0,0,0,1,1,1,NA,NA,1,1,1,1,0,0,0,1,1,NA,NA,1,1,1,1,1,0,0,0,1,1,1,0,1,1,0,1,1,1,0,1,1,0,0,1,0,0,1,1,1,1,1,1,0,1,0,0,NA,0,0,0,1,1,0,0,1,0,1,0,0,1,1,1,0,1,1,1,0,1,0,0,1,0,0,0,0,0,0,0,0,0,0,0,0,0,0,0,0,1,0,0,0,0,0,0,1,1,0,1,0,1,1,0,1,0,1,1,0,1,1,1,1,1,1,0,1,1,NA,0,1,0,0,1,0,0,1,1,1,0,1,0,0,0,1,1,1,1,0,1,1,1,0,1,1,1,1,1,1,0,1,1,1,1,1,1,1,0,1,0,0,0,1,1,0,1,1,1,0,1,1,1,0,1,0,1,1,0,NA,1,1,NA,0,1,1,1,NA,1,1,1,1,1,0,1,1,0,1,NA,NA,NA,NA,NA,NA,0,1,1,0,0,0,0,1,0,0,0,0,1,0,1,1,1,0,0,1,1,0,1,0,1,1,0,0,1,1,1,1,1,0,0,NA,0,1,1,1,NA,NA,1,0,1,1,1,1,0,1,1,1,1,1,1,1,1,1,1,1,1,1,1,1,1,1,1,1,1,1,1,1,1,1,1,1,1,0,1
"HORR (R MI-8)",1,1,0,0,1,0,1,1,0,1,1,1,0,NA,1,1,0,0,1,NA,0,1,0,1,1,1,1,1,1,0,0,1,0,1,1,0,0,0,0,1,1,1,0,NA,1,0,1,1,NA,1,1,1,NA,0,1,NA,1,1,0,0,0,0,0,1,NA,1,NA,NA,1,1,1,1,1,0,0,1,1,NA,NA,NA,1,1,1,1,0,1,0,NA,1,1,0,1,1,0,1,1,1,NA,1,NA,NA,0,1,0,0,1,1,1,1,NA,NA,NA,NA,NA,NA,NA,NA,NA,NA,NA,NA,NA,NA,NA,NA,NA,NA,NA,NA,NA,NA,NA,NA,NA,1,0,1,0,0,1,0,0,0,0,0,0,0,0,0,0,0,0,0,0,0,0,1,0,0,0,0,0,0,1,NA,0,1,0,1,1,0,1,0,1,1,0,1,1,1,1,1,1,0,1,1,NA,0,1,0,0,1,0,0,1,1,1,1,1,0,0,0,1,0,1,1,0,1,1,1,0,1,1,1,1,1,1,0,1,1,1,1,1,1,1,NA,1,NA,NA,0,1,1,0,1,1,1,1,1,1,1,0,1,0,1,1,0,1,NA,NA,NA,0,1,1,0,0,0,0,1,1,0,0,0,NA,NA,1,1,0,NA,NA,NA,NA,NA,NA,1,0,0,0,0,1,0,0,0,0,NA,NA,1,1,1,0,0,0,1,0,1,0,1,1,0,0,1,0,1,1,1,0,0,0,0,1,0,1,1,1,1,1,1,1,1,1,0,1,1,1,1,1,1,1,1,1,1,1,1,1,1,1,1,1,0,1,1,1,1,1,NA,1,1,1,1,0,1
"HUBBELL (R MI-9)",1,1,0,0,NA,1,NA,1,0,1,NA,1,NA,NA,1,1,0,0,NA,1,NA,1,0,1,1,1,NA,NA,NA,NA,NA,1,0,1,NA,NA,NA,NA,0,NA,1,NA,NA,NA,1,0,1,1,NA,1,NA,NA,NA,NA,NA,NA,NA,NA,NA,NA,NA,NA,NA,NA,1,1,0,0,1,1,1,1,1,0,0,1,1,NA,NA,1,NA,NA,NA,1,0,1,NA,NA,1,NA,0,NA,NA,NA,NA,NA,NA,NA,NA,NA,NA,0,1,1,1,1,NA,NA,NA,NA,1,NA,1,0,1,0,NA,NA,NA,NA,NA,NA,NA,NA,NA,NA,NA,NA,NA,1,1,NA,NA,NA,NA,0,1,0,0,1,NA,0,0,0,0,0,0,0,0,0,0,NA,NA,0,0,0,1,NA,NA,0,0,0,0,1,1,0,1,0,1,1,0,1,0,1,1,0,1,1,1,1,1,1,0,1,1,0,0,1,0,0,1,0,NA,NA,1,1,1,0,0,0,0,1,1,1,1,0,1,1,1,NA,1,1,1,1,1,1,0,1,1,1,1,1,1,1,0,1,NA,NA,NA,NA,NA,NA,NA,NA,NA,NA,1,1,0,0,1,0,1,1,NA,1,1,1,NA,NA,NA,NA,0,0,0,0,NA,NA,NA,1,NA,NA,1,NA,1,NA,NA,NA,NA,NA,NA,NA,NA,NA,NA,NA,NA,NA,NA,NA,NA,NA,NA,NA,NA,NA,NA,NA,NA,NA,NA,NA,NA,NA,NA,NA,NA,NA,NA,0,1,1,1,0,0,0,NA,NA,0,1,1,1,1,1,1,1,1,1,NA,NA,1,1,1,1,1,1,1,1,1,1,1,1,1,1,1,1,NA,0,1,NA,1,1,NA,NA,NA,NA,NA,0,1
"DUNNELL (R MN-1)",1,1,0,0,1,1,0,1,1,1,1,1,1,1,1,1,0,NA,1,0,0,NA,1,1,0,1,NA,1,1,0,0,1,1,NA,1,0,0,0,0,1,1,0,1,0,NA,1,1,1,1,NA,1,1,1,1,NA,NA,1,1,0,0,NA,0,NA,1,1,1,0,0,1,1,1,1,0,0,0,1,1,0,1,0,1,1,1,1,0,0,1,1,1,1,1,1,1,0,1,1,1,0,1,1,0,0,0,NA,NA,NA,NA,NA,NA,NA,NA,1,1,0,1,1,0,1,0,1,1,0,0,1,0,1,0,0,1,1,1,0,1,1,1,0,1,0,0,1,0,0,0,0,0,0,0,0,0,0,0,0,0,0,0,0,1,NA,0,0,0,0,0,1,1,0,1,0,1,1,0,1,0,1,1,0,1,1,1,1,1,1,0,1,NA,NA,1,1,0,0,1,0,0,1,1,1,0,1,1,NA,0,0,1,0,1,0,1,1,1,0,1,NA,NA,NA,NA,NA,NA,NA,NA,NA,NA,NA,NA,NA,NA,NA,NA,NA,NA,NA,NA,NA,NA,NA,NA,NA,NA,NA,NA,NA,NA,0,NA,1,0,1,NA,1,NA,1,1,NA,0,0,0,NA,1,1,1,0,0,1,1,1,NA,1,NA,NA,NA,NA,NA,NA,NA,NA,NA,NA,NA,NA,NA,NA,NA,NA,NA,NA,NA,NA,NA,NA,NA,NA,NA,NA,NA,NA,NA,NA,NA,NA,NA,NA,1,1,1,NA,NA,1,0,1,0,1,1,1,0,1,1,NA,0,1,0,1,1,1,1,1,1,1,1,1,1,1,1,1,1,1,1,1,1,1,1,1,1,1,1,1,NA,1,1,0,1
"STRAIT (R MN-2)",1,1,0,0,1,NA,1,NA,1,1,1,1,1,1,1,1,0,0,1,0,0,1,0,1,0,NA,1,1,1,0,1,1,0,1,1,0,0,0,0,1,1,1,NA,NA,1,1,1,1,1,1,NA,1,1,NA,NA,NA,NA,NA,NA,NA,NA,0,0,1,NA,NA,NA,NA,NA,NA,1,1,1,0,0,1,1,NA,NA,0,1,1,1,1,0,1,0,1,1,1,NA,1,1,0,1,1,NA,NA,NA,0,0,0,1,0,0,1,1,1,1,1,1,1,1,NA,0,0,0,0,0,1,1,0,NA,0,0,1,0,0,1,1,1,0,1,1,1,0,NA,0,0,1,0,0,0,0,0,0,0,0,0,0,0,0,0,0,0,0,1,0,0,0,0,NA,0,1,1,0,1,0,1,1,0,1,0,1,1,0,1,1,1,1,1,1,0,1,1,0,0,1,0,0,1,0,0,1,1,1,0,1,0,0,0,1,0,0,0,0,1,1,1,0,1,1,1,1,1,1,0,1,1,1,1,1,1,1,0,1,1,1,0,1,1,0,1,0,1,1,1,1,1,0,1,0,1,1,0,1,1,1,1,0,1,1,1,1,1,1,NA,NA,0,1,0,1,1,1,NA,NA,NA,NA,NA,NA,NA,NA,1,0,0,0,1,0,1,0,0,1,0,NA,1,1,1,NA,NA,NA,1,NA,NA,1,1,0,0,0,1,0,1,1,1,0,0,0,0,1,0,1,1,0,1,0,1,1,1,1,0,1,1,1,1,1,1,1,1,1,1,1,1,1,1,1,1,1,0,1,1,1,1,1,1,1,1,1,1,0,1
"WASHBURN (R MN-3)",1,1,0,NA,NA,1,0,1,1,1,1,1,1,1,1,1,0,0,NA,1,0,1,0,1,0,1,NA,1,1,0,1,1,0,1,NA,NA,NA,NA,NA,NA,NA,1,NA,NA,NA,1,1,1,1,NA,0,NA,1,0,1,0,1,1,0,0,0,0,0,1,1,1,NA,NA,1,NA,1,0,1,NA,NA,1,1,NA,1,1,NA,NA,NA,NA,NA,NA,NA,1,1,1,1,1,1,NA,NA,NA,NA,NA,NA,NA,NA,0,0,NA,NA,NA,NA,1,NA,NA,NA,NA,NA,NA,NA,NA,NA,NA,NA,NA,NA,NA,NA,NA,NA,NA,NA,NA,NA,NA,NA,NA,NA,NA,1,NA,1,0,0,1,0,0,0,NA,0,0,0,0,0,0,0,NA,NA,0,0,0,1,0,0,0,0,0,0,1,1,0,1,0,1,1,0,1,0,1,NA,NA,1,1,NA,1,1,1,NA,1,1,0,0,1,0,0,1,NA,0,1,1,0,1,1,NA,0,0,1,NA,NA,NA,0,1,1,1,0,NA,NA,1,1,1,1,0,1,1,1,1,1,1,1,0,1,1,NA,NA,NA,NA,0,NA,1,1,1,1,1,1,0,1,0,0,1,0,1,NA,NA,NA,0,1,NA,0,0,0,0,NA,NA,0,1,1,0,1,1,1,1,1,1,0,1,0,1,1,NA,0,NA,NA,NA,NA,NA,NA,NA,NA,NA,NA,NA,NA,NA,NA,NA,1,0,NA,1,1,0,0,0,1,0,1,1,NA,NA,NA,0,0,1,1,1,1,0,1,0,1,1,1,1,0,1,1,1,1,1,1,1,1,1,1,1,1,1,0,1,1,1,0,1,1,1,1,1,1,1,1,NA,NA,0,1
"MULDROW (D MS-1)",1,1,1,1,NA,0,NA,1,1,1,0,1,1,0,1,0,1,1,0,1,1,0,NA,0,0,1,1,0,0,1,1,0,1,NA,0,1,1,1,0,1,NA,NA,NA,NA,NA,1,1,NA,0,1,1,0,1,1,0,1,1,0,1,1,1,1,1,NA,0,0,1,1,NA,NA,1,NA,NA,NA,1,0,NA,1,1,1,0,0,1,0,1,NA,NA,NA,NA,NA,NA,NA,0,1,0,0,0,0,1,1,1,1,0,0,0,1,1,0,0,NA,NA,0,1,0,1,1,1,1,1,0,0,1,1,0,1,0,1,1,0,NA,NA,1,NA,NA,NA,1,NA,NA,0,NA,NA,NA,NA,NA,NA,NA,NA,NA,NA,NA,NA,NA,NA,NA,NA,NA,NA,NA,NA,NA,NA,NA,NA,NA,NA,NA,NA,NA,NA,NA,NA,NA,1,NA,NA,1,NA,NA,0,NA,NA,NA,1,NA,0,1,1,1,NA,NA,NA,NA,NA,NA,NA,NA,NA,NA,1,NA,1,0,1,NA,0,NA,0,NA,NA,1,0,0,NA,NA,NA,NA,NA,NA,NA,NA,NA,NA,NA,NA,NA,NA,0,1,1,0,0,NA,NA,1,1,0,1,1,0,1,0,1,NA,1,NA,NA,NA,NA,NA,NA,NA,NA,1,1,1,1,1,1,NA,NA,NA,1,1,1,NA,NA,NA,NA,NA,NA,NA,NA,NA,NA,1,1,1,0,1,1,1,1,NA,1,NA,1,0,1,1,1,0,NA,NA,NA,0,0,1,1,0,1,0,0,0,NA,1,1,1,0,1,0,0,0,0,NA,NA,NA,0,0,0,0,0,0,0,NA,NA,0,0,0,1,1,1,0,0,0,NA,0,1,0,0,NA,NA,NA,0,NA,NA,NA,NA,NA,NA
"MANNING (D MS-2)",1,1,1,1,NA,0,0,1,0,0,NA,0,NA,NA,1,1,1,1,0,1,1,NA,1,0,1,1,1,1,0,1,1,0,NA,NA,0,1,0,1,1,NA,NA,0,NA,NA,0,NA,1,1,0,1,NA,NA,0,1,0,NA,1,0,1,1,1,1,NA,0,0,NA,NA,NA,NA,NA,1,0,1,NA,NA,0,1,NA,NA,1,0,0,1,0,1,0,1,NA,0,0,1,0,0,1,0,0,0,0,1,1,NA,1,0,1,0,1,NA,0,NA,NA,NA,0,NA,0,0,1,NA,NA,1,0,0,1,1,0,1,0,NA,NA,NA,NA,NA,1,NA,NA,NA,1,NA,NA,NA,NA,NA,NA,NA,NA,NA,NA,NA,NA,NA,NA,NA,1,NA,NA,NA,NA,NA,NA,NA,NA,NA,NA,NA,NA,NA,NA,NA,1,NA,NA,NA,NA,NA,NA,NA,1,NA,NA,0,NA,NA,NA,1,NA,0,1,1,0,NA,1,0,1,1,0,1,0,0,NA,1,NA,NA,0,1,0,0,1,0,NA,NA,1,0,0,NA,NA,NA,NA,NA,NA,NA,NA,NA,NA,NA,NA,1,NA,0,NA,1,0,0,1,0,1,1,0,1,NA,0,0,1,NA,0,1,0,1,NA,NA,NA,1,1,1,0,NA,0,NA,1,1,1,0,0,NA,1,1,0,NA,NA,NA,1,1,1,0,1,1,1,1,1,0,1,1,1,1,NA,NA,NA,1,NA,1,1,1,0,NA,0,1,0,0,1,1,0,1,0,0,0,NA,1,1,1,0,1,0,NA,1,0,0,0,NA,0,0,1,0,0,0,0,NA,NA,0,0,0,1,1,1,0,0,0,0,0,1,0,0,NA,NA,NA,0,NA,NA,NA,NA,NA,NA
"MONEY (D MS-3)",1,1,1,1,1,1,NA,1,NA,NA,NA,NA,NA,NA,NA,NA,1,NA,NA,0,1,0,NA,0,1,1,NA,NA,NA,NA,NA,NA,NA,NA,NA,NA,NA,NA,NA,NA,NA,NA,NA,NA,0,1,NA,1,0,NA,NA,NA,1,1,0,NA,NA,0,NA,1,NA,1,1,0,0,1,NA,1,NA,NA,1,0,1,1,1,0,1,1,1,1,0,1,1,0,1,0,1,0,NA,0,1,0,1,1,0,0,NA,NA,NA,NA,NA,1,0,0,0,1,NA,1,NA,NA,NA,0,1,0,0,1,1,1,1,0,0,1,1,0,1,0,1,NA,0,NA,NA,1,NA,NA,NA,1,NA,NA,NA,NA,NA,NA,NA,NA,NA,NA,NA,NA,NA,NA,NA,1,NA,NA,NA,NA,NA,NA,NA,NA,NA,NA,NA,NA,NA,NA,NA,NA,NA,NA,NA,NA,1,NA,NA,1,NA,NA,0,NA,NA,NA,NA,NA,NA,NA,NA,NA,0,1,0,1,1,0,1,NA,NA,1,1,1,NA,NA,1,0,NA,0,0,NA,1,1,0,0,NA,NA,NA,NA,NA,NA,NA,NA,NA,NA,NA,NA,NA,NA,0,1,1,0,NA,NA,NA,NA,NA,NA,NA,NA,NA,NA,NA,NA,NA,1,NA,NA,NA,NA,NA,NA,NA,NA,NA,1,1,NA,1,1,0,1,0,1,1,NA,0,NA,NA,NA,NA,1,NA,NA,1,1,1,1,0,1,1,0,NA,1,1,0,0,1,0,1,1,1,0,NA,NA,1,0,1,1,NA,0,1,0,0,0,NA,1,NA,1,0,1,0,0,NA,0,NA,1,0,1,0,1,0,0,0,0,NA,NA,0,0,0,1,NA,1,1,1,0,0,NA,1,0,0,NA,NA,NA,0,NA,NA,NA,NA,1,NA
"SINGLETON (D MS-4)",1,1,1,1,1,1,0,0,1,0,0,1,NA,NA,1,0,NA,NA,NA,NA,1,0,NA,0,0,1,NA,NA,NA,1,1,0,1,NA,NA,NA,NA,NA,NA,NA,1,NA,NA,NA,0,1,1,1,0,1,NA,NA,NA,1,0,1,1,NA,1,NA,NA,1,1,1,0,0,1,1,NA,NA,0,0,1,NA,1,0,1,1,1,1,0,0,1,0,1,0,1,0,NA,0,1,0,0,1,NA,0,0,NA,NA,1,1,1,0,0,0,1,1,0,NA,NA,NA,NA,1,NA,0,NA,1,1,1,0,0,1,1,0,1,0,1,1,0,NA,NA,1,NA,NA,NA,NA,NA,NA,NA,NA,NA,NA,NA,NA,NA,NA,NA,NA,NA,NA,NA,NA,NA,NA,NA,NA,NA,NA,NA,NA,NA,NA,NA,NA,NA,NA,NA,NA,NA,NA,NA,NA,NA,NA,NA,NA,NA,NA,NA,NA,NA,NA,NA,NA,NA,NA,NA,NA,NA,NA,NA,NA,NA,NA,NA,NA,NA,NA,NA,NA,1,NA,NA,0,0,1,0,0,0,1,0,0,NA,NA,NA,NA,0,NA,NA,NA,NA,NA,NA,NA,1,NA,0,NA,1,0,0,1,0,1,1,0,1,1,0,0,NA,1,0,1,1,0,0,0,1,NA,NA,1,1,1,1,NA,1,1,0,NA,1,1,1,1,1,0,NA,0,1,1,1,1,1,1,1,1,1,0,1,1,1,1,1,1,NA,1,NA,1,1,1,0,1,NA,NA,NA,0,1,1,0,1,0,0,0,NA,1,NA,1,0,1,0,0,1,0,0,0,0,0,0,1,0,0,0,0,NA,NA,0,0,0,1,1,1,0,0,0,0,0,1,0,0,NA,NA,NA,0,NA,NA,NA,NA,NA,NA
"HOOKER (D MS-5)",1,1,1,1,NA,NA,0,NA,0,NA,NA,NA,1,1,1,0,NA,0,0,NA,1,0,1,NA,1,1,NA,0,0,1,1,0,1,NA,0,1,1,1,1,0,NA,NA,NA,NA,NA,NA,NA,1,0,0,NA,0,NA,NA,NA,NA,NA,0,1,1,1,1,1,0,0,0,0,1,NA,NA,0,1,0,NA,NA,NA,NA,NA,NA,1,NA,NA,NA,NA,NA,0,NA,0,0,NA,1,0,1,1,NA,NA,0,0,1,1,1,NA,NA,NA,NA,1,NA,0,NA,NA,NA,0,1,1,0,1,NA,NA,NA,NA,NA,NA,NA,NA,NA,NA,NA,NA,NA,NA,NA,1,NA,NA,NA,1,NA,NA,NA,NA,NA,NA,NA,NA,NA,NA,NA,NA,NA,NA,NA,NA,NA,NA,NA,1,0,NA,NA,NA,NA,NA,NA,NA,NA,NA,NA,NA,NA,NA,NA,NA,NA,NA,NA,1,NA,NA,0,NA,NA,NA,1,NA,NA,NA,NA,NA,1,1,0,1,NA,NA,NA,NA,NA,1,1,0,1,0,NA,NA,NA,1,0,0,0,NA,NA,NA,NA,NA,NA,NA,NA,NA,NA,NA,NA,NA,NA,NA,1,NA,NA,NA,NA,0,0,1,NA,NA,1,NA,NA,NA,NA,NA,NA,NA,NA,1,NA,NA,NA,NA,NA,1,NA,NA,0,0,0,0,NA,NA,NA,NA,NA,NA,NA,0,NA,NA,NA,NA,NA,NA,NA,NA,NA,NA,NA,NA,NA,NA,NA,NA,NA,NA,NA,NA,NA,NA,NA,NA,NA,NA,NA,NA,NA,NA,0,0,1,1,0,0,NA,NA,NA,NA,NA,NA,NA,NA,1,NA,1,1,0,1,NA,0,1,0,1,0,0,0,0,NA,NA,0,0,0,1,1,1,NA,1,NA,NA,NA,NA,NA,NA,NA,NA,NA,NA,NA,NA,NA,NA,NA,NA
"CHALMERS (D MS-6)",1,1,1,1,NA,1,0,1,0,0,0,1,NA,NA,1,NA,1,1,NA,1,1,NA,NA,NA,0,1,NA,1,0,0,NA,0,1,NA,0,1,1,1,0,NA,1,0,NA,NA,NA,1,1,1,0,1,NA,0,NA,1,0,0,1,0,1,1,1,1,1,1,0,NA,NA,NA,NA,NA,0,NA,1,NA,NA,0,1,NA,NA,1,0,1,1,0,1,0,1,NA,NA,NA,1,NA,0,NA,NA,NA,NA,NA,NA,NA,NA,NA,NA,NA,NA,NA,NA,NA,NA,NA,NA,NA,NA,NA,NA,NA,NA,NA,NA,NA,NA,NA,NA,NA,NA,NA,NA,NA,NA,NA,NA,NA,NA,NA,NA,NA,NA,NA,NA,NA,NA,NA,NA,NA,NA,NA,NA,NA,NA,NA,NA,NA,NA,NA,NA,NA,NA,NA,NA,NA,NA,NA,NA,NA,NA,NA,NA,NA,NA,NA,NA,NA,NA,NA,NA,NA,NA,NA,NA,NA,NA,NA,NA,NA,NA,NA,NA,NA,NA,NA,NA,NA,NA,NA,NA,NA,NA,NA,NA,NA,NA,NA,NA,NA,NA,NA,NA,NA,NA,NA,NA,NA,NA,NA,NA,NA,NA,NA,NA,NA,NA,NA,NA,NA,NA,NA,NA,NA,NA,NA,NA,NA,NA,NA,NA,NA,NA,NA,NA,NA,NA,NA,NA,NA,NA,NA,NA,NA,NA,NA,NA,NA,NA,NA,NA,NA,NA,NA,NA,NA,NA,NA,NA,NA,NA,NA,NA,NA,NA,NA,NA,NA,NA,NA,NA,NA,NA,NA,NA,NA,NA,NA,NA,NA,NA,NA,NA,NA,NA,NA,NA,NA,NA,NA,NA,NA,NA,NA,NA,NA,NA,NA,NA,NA,NA,NA,NA,NA,NA,NA,NA,NA,NA,NA,NA,NA,NA,NA,NA,NA,NA,NA,NA,NA,NA,NA,NA,NA,NA,NA,NA,NA,NA,NA,NA,NA,NA,NA,NA,NA,NA,NA,NA,NA,NA,NA,NA,NA,NA
"LYNCH (R MS-6)",NA,NA,NA,NA,NA,NA,NA,NA,NA,NA,NA,NA,NA,NA,NA,NA,NA,NA,NA,NA,NA,NA,NA,NA,NA,NA,NA,NA,NA,NA,NA,NA,NA,NA,NA,NA,NA,NA,NA,NA,NA,NA,NA,NA,NA,NA,NA,NA,NA,NA,NA,NA,NA,NA,NA,NA,NA,NA,NA,NA,NA,NA,NA,NA,NA,NA,NA,NA,NA,NA,NA,NA,NA,NA,NA,NA,NA,NA,NA,NA,NA,NA,NA,NA,NA,NA,NA,NA,NA,NA,NA,NA,NA,NA,NA,NA,1,0,1,0,0,0,1,0,0,NA,1,1,1,1,1,0,0,1,NA,0,0,0,0,1,1,0,NA,0,0,1,0,0,1,1,1,NA,1,1,NA,0,1,0,0,1,0,0,NA,0,0,0,0,0,0,0,0,0,0,0,0,0,1,0,0,0,0,0,0,1,1,0,1,0,1,1,0,1,0,1,1,0,1,1,1,1,1,1,0,1,1,NA,NA,1,NA,NA,NA,NA,NA,NA,1,NA,NA,NA,NA,NA,NA,NA,1,1,NA,NA,1,1,1,NA,NA,1,1,1,1,1,0,1,1,1,1,1,1,1,0,1,1,NA,NA,1,1,0,1,1,1,1,1,1,1,1,0,0,1,1,0,1,1,NA,1,NA,1,1,0,1,0,0,1,0,1,0,1,0,0,1,1,0,1,1,0,NA,NA,NA,NA,0,0,0,0,1,0,0,NA,0,1,0,1,1,0,1,0,0,1,NA,NA,0,1,1,0,0,1,1,1,1,1,NA,0,0,0,NA,0,1,1,NA,1,0,1,0,0,1,0,1,1,1,1,1,1,1,1,1,1,1,1,0,0,1,1,1,0,1,1,1,1,1,1,1,1,1,1,0,1
"CLARDY (D MO-1)",1,1,1,1,NA,1,0,0,0,0,0,1,1,NA,1,0,1,0,NA,NA,1,0,1,0,1,1,1,0,0,1,1,0,1,NA,0,1,1,1,1,NA,NA,0,1,0,NA,1,1,1,0,NA,1,0,1,1,0,NA,NA,0,1,1,1,1,0,1,0,1,NA,NA,NA,0,0,NA,1,NA,NA,NA,NA,NA,NA,NA,0,0,1,0,1,0,1,0,NA,0,1,0,1,1,NA,0,0,0,1,NA,NA,0,1,1,1,1,1,NA,NA,NA,NA,NA,1,0,1,0,1,1,1,0,NA,NA,NA,NA,NA,0,1,0,0,NA,NA,NA,NA,NA,NA,1,NA,NA,NA,NA,NA,NA,NA,NA,NA,NA,NA,NA,NA,NA,NA,1,NA,NA,NA,NA,NA,NA,NA,NA,NA,NA,NA,NA,NA,NA,NA,NA,NA,NA,NA,NA,1,NA,NA,1,NA,NA,0,NA,NA,NA,1,NA,0,NA,1,0,NA,1,1,NA,NA,0,1,0,NA,1,1,0,NA,NA,NA,NA,NA,NA,NA,0,NA,NA,NA,NA,NA,NA,NA,NA,NA,NA,NA,NA,NA,NA,NA,NA,NA,NA,NA,NA,NA,NA,NA,NA,NA,NA,NA,NA,NA,NA,NA,NA,NA,NA,NA,NA,NA,NA,NA,NA,NA,NA,1,NA,0,1,NA,1,1,NA,0,1,0,1,1,NA,NA,NA,NA,NA,NA,NA,NA,NA,1,NA,NA,1,1,0,1,1,1,1,1,1,1,1,1,1,1,1,0,1,NA,1,0,0,1,1,0,0,0,1,0,NA,1,NA,1,NA,1,1,0,0,0,1,1,NA,0,0,1,0,0,0,0,NA,NA,0,0,0,1,1,1,0,0,0,0,NA,1,NA,NA,NA,NA,NA,NA,NA,NA,NA,NA,NA,NA
"ALLEN (D MO-2)",1,1,NA,NA,NA,NA,NA,NA,NA,NA,NA,NA,NA,NA,NA,NA,NA,NA,NA,NA,NA,NA,NA,NA,NA,NA,NA,NA,NA,NA,NA,NA,NA,0,NA,NA,NA,NA,NA,NA,NA,NA,NA,NA,NA,NA,NA,NA,NA,NA,NA,NA,NA,NA,NA,NA,NA,NA,NA,NA,NA,NA,NA,NA,NA,NA,NA,NA,NA,NA,NA,NA,NA,NA,NA,NA,NA,NA,NA,NA,NA,NA,NA,NA,NA,NA,NA,NA,NA,NA,NA,NA,NA,NA,NA,NA,NA,NA,NA,NA,NA,NA,NA,NA,NA,NA,NA,NA,NA,NA,NA,NA,NA,NA,NA,NA,NA,NA,NA,NA,NA,NA,NA,NA,NA,NA,NA,NA,NA,NA,NA,NA,NA,NA,NA,NA,NA,NA,NA,NA,NA,NA,NA,NA,NA,NA,NA,NA,NA,NA,NA,NA,NA,NA,NA,NA,NA,NA,NA,NA,NA,NA,NA,NA,NA,NA,NA,NA,NA,NA,NA,NA,NA,NA,NA,NA,NA,NA,NA,NA,NA,NA,NA,NA,NA,NA,NA,NA,NA,NA,NA,NA,NA,NA,NA,NA,NA,NA,NA,NA,NA,NA,NA,NA,NA,NA,NA,NA,NA,NA,NA,NA,NA,NA,NA,NA,NA,NA,NA,NA,NA,NA,NA,NA,NA,NA,NA,NA,NA,NA,NA,NA,NA,NA,NA,NA,NA,NA,NA,NA,NA,NA,NA,NA,NA,NA,NA,NA,NA,NA,NA,NA,NA,NA,NA,NA,NA,NA,NA,NA,NA,NA,NA,NA,NA,NA,NA,NA,NA,NA,NA,NA,NA,NA,NA,NA,NA,NA,NA,NA,NA,NA,NA,NA,NA,NA,NA,NA,NA,NA,NA,NA,NA,NA,NA,NA,NA,NA,NA,NA,NA,NA,NA,NA,NA,NA,NA,NA,NA,NA,NA,NA,NA,NA,NA,NA,NA,NA,NA,NA,NA,NA,NA,NA,NA,NA,NA,NA,NA,NA,NA,NA,NA,NA,NA,NA,NA,NA,NA,NA,NA,NA,NA,NA,NA,NA,NA,NA,NA
"MCLEAN (R MO-2)",NA,NA,NA,NA,NA,NA,NA,NA,NA,NA,NA,NA,NA,NA,NA,NA,NA,NA,NA,NA,NA,NA,NA,NA,NA,NA,NA,NA,NA,NA,NA,NA,NA,NA,NA,NA,NA,NA,NA,NA,NA,NA,NA,NA,NA,NA,NA,NA,NA,NA,NA,NA,NA,NA,NA,NA,NA,NA,NA,NA,NA,NA,NA,NA,NA,NA,NA,NA,NA,NA,NA,NA,NA,NA,NA,NA,NA,NA,NA,NA,NA,NA,NA,NA,NA,NA,NA,NA,NA,NA,NA,NA,NA,NA,NA,NA,NA,NA,NA,NA,NA,NA,NA,NA,NA,NA,NA,NA,NA,NA,NA,NA,NA,NA,NA,NA,NA,NA,NA,NA,NA,NA,NA,NA,NA,NA,NA,NA,NA,NA,NA,NA,NA,NA,NA,NA,NA,NA,NA,NA,NA,NA,NA,NA,NA,NA,NA,NA,NA,NA,NA,NA,NA,NA,NA,NA,NA,NA,NA,NA,NA,NA,NA,NA,NA,NA,NA,NA,NA,NA,NA,NA,NA,NA,NA,NA,NA,NA,NA,NA,NA,NA,NA,NA,NA,NA,NA,NA,NA,NA,NA,NA,NA,NA,NA,NA,NA,NA,NA,NA,NA,NA,NA,NA,NA,NA,NA,NA,NA,NA,NA,NA,NA,NA,NA,NA,NA,NA,NA,NA,NA,NA,NA,NA,NA,NA,NA,NA,NA,NA,NA,NA,NA,NA,NA,NA,NA,NA,NA,NA,NA,NA,NA,NA,NA,NA,NA,NA,NA,NA,NA,NA,NA,NA,NA,NA,NA,NA,0,1,1,1,1,1,1,1,NA,1,0,1,0,1,1,0,1,0,0,1,0,0,0,0,1,0,1,1,1,1,0,0,1,1,1,0,0,1,0,0,1,0,NA,1,1,0,0,0,0,1,0,1,1,1,1,NA,NA,1,1,1,0,1,1,1,1,1,1,1,1,1,1,1,1,1,NA,1,1,1,1,1,1,1,1,1,1,1,1,1,1,0,1
"FROST (D MO-3)",1,1,1,NA,NA,NA,NA,NA,NA,NA,NA,NA,NA,NA,NA,NA,NA,NA,NA,NA,NA,NA,NA,NA,NA,NA,NA,NA,NA,NA,NA,NA,NA,NA,NA,NA,NA,NA,NA,NA,NA,NA,NA,NA,0,NA,NA,NA,NA,NA,NA,NA,NA,NA,NA,NA,NA,NA,NA,NA,NA,NA,NA,NA,0,1,NA,NA,NA,NA,NA,NA,NA,1,0,NA,NA,NA,NA,1,0,NA,NA,NA,1,NA,NA,NA,NA,NA,NA,NA,NA,NA,NA,NA,NA,NA,NA,NA,NA,NA,NA,NA,NA,NA,NA,0,NA,NA,NA,1,NA,NA,NA,NA,NA,NA,NA,NA,NA,NA,NA,NA,NA,NA,NA,NA,NA,NA,NA,NA,NA,NA,NA,NA,NA,NA,NA,NA,NA,NA,NA,NA,NA,NA,NA,NA,NA,NA,NA,NA,NA,NA,NA,NA,NA,NA,NA,NA,NA,NA,NA,NA,NA,NA,NA,NA,NA,NA,NA,NA,1,NA,NA,1,NA,NA,NA,NA,NA,NA,1,NA,NA,NA,NA,NA,NA,NA,NA,NA,NA,NA,NA,NA,NA,1,NA,0,NA,1,1,1,0,NA,NA,0,1,NA,0,NA,NA,NA,NA,NA,NA,NA,NA,NA,NA,NA,NA,NA,NA,NA,NA,NA,NA,NA,NA,NA,NA,1,1,NA,NA,NA,NA,NA,NA,NA,NA,1,NA,NA,NA,NA,NA,NA,NA,NA,NA,NA,NA,NA,NA,NA,NA,NA,NA,NA,NA,NA,NA,NA,NA,NA,NA,1,1,1,NA,NA,NA,NA,NA,NA,NA,1,1,1,1,1,1,1,0,NA,NA,NA,NA,NA,NA,NA,NA,NA,NA,1,0,0,NA,NA,NA,NA,1,NA,NA,NA,NA,NA,NA,NA,NA,NA,1,NA,0,0,NA,0,NA,NA,NA,NA,NA,0,0,0,1,1,1,0,NA,NA,NA,NA,NA,NA,NA,NA,NA,NA,NA,NA,NA,NA,NA,NA,NA
"SESSINGHAUS (R MO-3)",NA,NA,NA,NA,NA,NA,NA,NA,NA,NA,NA,NA,NA,NA,NA,NA,NA,NA,NA,NA,NA,NA,NA,NA,NA,NA,NA,NA,NA,NA,NA,NA,NA,NA,NA,NA,NA,NA,NA,NA,NA,NA,NA,NA,NA,NA,NA,NA,NA,NA,NA,NA,NA,NA,NA,NA,NA,NA,NA,NA,NA,NA,NA,NA,NA,NA,NA,NA,NA,NA,NA,NA,NA,NA,NA,NA,NA,NA,NA,NA,NA,NA,NA,NA,NA,NA,NA,NA,NA,NA,NA,NA,NA,NA,NA,NA,NA,NA,NA,NA,NA,NA,NA,NA,NA,NA,NA,NA,NA,NA,NA,NA,NA,NA,NA,NA,NA,NA,NA,NA,NA,NA,NA,NA,NA,NA,NA,NA,NA,NA,NA,NA,NA,NA,NA,NA,NA,NA,NA,NA,NA,NA,NA,NA,NA,NA,NA,NA,NA,NA,NA,NA,NA,NA,NA,NA,NA,NA,NA,NA,NA,NA,NA,NA,NA,NA,NA,NA,NA,NA,NA,NA,NA,NA,NA,NA,NA,NA,NA,NA,NA,NA,NA,NA,NA,NA,NA,NA,NA,NA,NA,NA,NA,NA,NA,NA,NA,NA,NA,NA,NA,NA,NA,NA,NA,NA,NA,NA,NA,NA,NA,NA,NA,NA,NA,NA,NA,NA,NA,NA,NA,NA,NA,NA,NA,NA,NA,NA,NA,NA,NA,NA,NA,NA,NA,NA,NA,NA,NA,NA,NA,NA,NA,NA,NA,NA,NA,NA,NA,NA,NA,NA,NA,NA,NA,NA,NA,NA,NA,NA,NA,NA,NA,NA,NA,NA,NA,NA,NA,NA,NA,NA,NA,NA,NA,NA,NA,NA,NA,NA,NA,NA,NA,NA,NA,NA,NA,NA,NA,NA,NA,NA,NA,NA,NA,NA,NA,NA,NA,NA,NA,NA,NA,NA,NA,NA,NA,NA,NA,NA,NA,NA,NA,NA,NA,NA,NA,NA,NA,NA,NA,NA,NA,NA,NA,NA,NA,NA,NA,NA,NA,NA,NA,NA,1,1,NA,1,1,1,1,1,1,NA,1,NA,NA,0,1
"DAVIS (D MO-4)",1,1,1,NA,NA,0,0,0,0,1,0,1,1,0,1,NA,0,0,NA,1,1,0,1,0,0,0,NA,0,0,1,1,0,1,NA,0,1,1,1,1,NA,0,0,0,1,NA,NA,NA,NA,0,NA,1,0,0,1,0,1,1,0,1,1,1,1,0,1,0,0,1,1,NA,0,0,0,1,1,1,0,0,1,1,1,0,NA,1,1,1,1,0,NA,NA,0,1,NA,0,1,NA,0,NA,NA,NA,1,1,1,0,1,1,1,0,0,NA,NA,NA,0,1,0,0,NA,1,1,1,0,NA,1,1,0,1,0,NA,1,0,NA,NA,1,NA,NA,NA,NA,NA,NA,NA,NA,NA,NA,NA,NA,NA,NA,NA,NA,NA,NA,NA,1,NA,NA,NA,NA,NA,NA,NA,NA,NA,NA,NA,NA,NA,NA,NA,NA,NA,NA,NA,NA,1,NA,NA,1,NA,NA,0,NA,NA,NA,1,NA,0,1,1,NA,1,1,1,1,1,0,1,0,0,1,1,1,NA,0,1,0,0,1,NA,NA,NA,NA,NA,NA,NA,NA,NA,NA,NA,NA,NA,NA,NA,NA,NA,NA,NA,NA,NA,NA,NA,NA,NA,NA,NA,NA,NA,NA,NA,NA,NA,NA,NA,NA,NA,NA,NA,NA,NA,NA,NA,0,1,1,1,0,1,1,NA,NA,0,1,0,1,0,0,NA,NA,NA,0,1,1,1,1,1,1,1,1,1,0,1,1,1,1,0,1,1,1,0,1,1,1,1,NA,NA,1,0,0,1,1,0,0,0,0,0,1,1,1,1,0,1,1,1,1,0,NA,1,NA,0,0,1,0,0,0,0,NA,NA,0,0,0,1,1,1,NA,0,0,NA,0,1,0,0,NA,NA,NA,0,NA,NA,NA,NA,NA,NA
"BLAND (D MO-5)",1,1,1,1,NA,1,0,0,1,0,0,1,0,1,1,0,1,1,0,0,1,0,0,0,1,0,NA,0,0,1,0,0,1,NA,0,1,1,1,1,1,1,1,NA,NA,0,1,0,1,0,NA,NA,NA,0,1,NA,NA,NA,NA,NA,NA,NA,1,0,1,0,0,1,1,NA,0,0,NA,NA,1,1,0,1,NA,NA,1,0,0,1,0,NA,0,1,0,0,0,1,0,0,1,0,0,0,0,1,1,1,1,0,1,1,1,1,0,NA,NA,NA,0,1,0,0,1,1,1,1,0,0,1,1,0,1,0,NA,0,0,NA,NA,NA,NA,NA,NA,NA,NA,NA,NA,NA,NA,NA,NA,NA,NA,NA,NA,NA,NA,NA,NA,1,NA,NA,NA,NA,NA,NA,NA,NA,NA,NA,NA,NA,NA,NA,NA,NA,NA,NA,NA,NA,1,NA,NA,NA,NA,NA,0,NA,NA,NA,1,NA,0,1,1,0,1,1,1,1,NA,NA,1,NA,0,1,1,1,NA,0,NA,NA,NA,NA,NA,NA,NA,NA,NA,NA,NA,NA,NA,NA,NA,NA,NA,NA,NA,NA,NA,NA,NA,NA,NA,NA,NA,NA,NA,NA,NA,NA,NA,NA,NA,NA,NA,NA,NA,NA,NA,NA,NA,NA,NA,NA,NA,1,1,1,1,1,1,1,1,1,1,0,NA,1,0,1,0,1,0,1,1,1,1,0,1,1,1,1,1,0,1,1,1,1,1,1,1,1,0,1,1,1,1,1,NA,NA,1,0,0,1,0,0,NA,0,0,1,1,NA,NA,NA,NA,NA,0,0,0,NA,NA,NA,0,0,NA,0,0,0,0,NA,NA,NA,NA,NA,1,1,NA,0,0,NA,NA,NA,1,0,NA,NA,NA,NA,NA,NA,NA,NA,NA,NA,NA
"HAZELTINE (National Greenbacker MO-6)",0,0,0,1,1,1,0,1,0,0,1,1,NA,NA,1,0,0,1,NA,1,1,0,0,1,0,1,0,0,1,0,0,1,1,0,0,0,0,1,0,1,0,0,0,0,1,1,1,NA,1,1,1,NA,1,1,0,0,1,1,0,1,0,NA,NA,NA,1,1,0,0,1,1,1,0,1,1,1,0,1,1,0,1,0,0,1,1,0,0,0,1,1,1,1,1,1,0,1,1,0,0,1,1,0,0,1,0,0,1,1,1,0,0,0,0,1,0,1,0,1,1,1,1,1,1,1,0,1,0,0,1,0,1,1,0,1,1,1,0,1,0,0,1,0,0,0,0,0,0,0,0,0,0,0,0,0,0,0,0,1,0,0,0,0,0,0,1,1,0,1,0,1,1,0,1,0,1,1,0,1,1,1,1,0,1,0,1,1,1,1,0,0,1,0,1,NA,0,1,NA,0,1,0,1,NA,0,0,NA,NA,0,1,0,0,1,0,1,1,1,1,1,0,1,1,1,1,1,1,1,0,1,NA,NA,0,1,1,NA,1,0,0,0,1,1,1,0,0,1,1,1,1,0,NA,0,NA,0,1,NA,1,1,1,1,1,NA,1,0,1,1,0,1,1,0,0,1,1,NA,1,1,1,1,1,1,1,0,1,1,1,1,1,0,1,1,1,1,0,1,1,1,1,1,0,0,1,NA,1,1,1,0,1,0,0,0,0,1,1,1,0,0,0,NA,NA,0,0,0,0,0,NA,0,0,0,0,0,0,0,1,1,1,0,1,1,1,NA,1,0,1,1,1,NA,1,1,NA,NA,1,0,1
"RICE (National Greenbacker MO-7)",0,0,0,0,1,1,0,0,0,0,1,1,0,1,1,1,1,1,1,0,NA,NA,0,NA,0,0,1,0,1,0,0,1,1,1,1,0,0,0,0,0,0,NA,NA,NA,1,1,1,1,NA,NA,0,0,1,NA,1,0,NA,NA,1,0,1,0,0,1,1,1,0,0,1,1,1,1,1,1,0,0,1,1,1,NA,0,0,1,1,0,1,0,1,1,1,1,1,1,0,1,1,0,NA,1,1,NA,0,1,NA,NA,1,1,0,0,0,0,0,1,NA,NA,0,1,1,0,0,1,1,1,0,1,0,0,1,0,1,1,0,1,1,1,0,1,0,0,1,0,NA,0,NA,NA,0,0,0,0,0,0,NA,NA,0,0,0,1,0,0,0,0,0,0,1,NA,0,1,0,1,1,0,1,NA,1,NA,0,1,1,1,1,0,1,0,1,NA,0,1,1,NA,NA,NA,1,NA,1,1,1,0,1,NA,NA,1,0,NA,NA,NA,NA,NA,NA,NA,NA,NA,1,1,1,1,1,0,1,1,0,1,1,1,1,0,1,NA,1,1,0,0,1,1,1,1,NA,NA,NA,1,0,0,1,1,1,1,0,0,NA,0,1,1,1,0,1,1,1,1,NA,1,0,1,0,0,1,1,0,0,1,1,NA,NA,NA,1,NA,1,NA,NA,NA,1,1,1,1,1,0,1,NA,1,1,0,1,1,1,NA,0,0,0,1,NA,1,1,1,1,1,0,0,0,0,1,1,1,1,0,0,NA,NA,NA,0,0,0,1,NA,0,0,0,0,0,0,0,NA,1,NA,0,1,1,0,0,1,0,0,0,0,0,0,1,0,1,1,0,1
"VANHORN (R MO-8)",1,1,0,0,1,NA,1,1,NA,0,0,0,NA,NA,1,1,0,0,NA,1,0,1,NA,NA,1,NA,1,NA,1,NA,0,1,0,1,1,0,0,0,1,NA,NA,0,1,0,NA,1,1,1,NA,NA,NA,NA,1,NA,NA,NA,1,NA,0,0,0,NA,0,1,1,1,0,0,1,1,1,0,1,NA,NA,NA,1,NA,NA,NA,1,1,1,1,0,NA,NA,1,1,NA,1,1,1,0,1,1,1,0,1,NA,NA,0,1,0,0,NA,NA,1,1,1,1,1,1,1,1,NA,NA,1,0,0,NA,1,1,1,1,0,0,1,NA,1,1,0,1,1,1,0,1,0,0,1,0,0,0,0,0,0,0,0,0,0,0,NA,NA,0,0,0,1,0,0,0,0,0,0,1,1,0,1,0,1,1,0,1,0,1,1,0,1,1,1,1,1,1,0,1,1,NA,1,1,0,0,1,NA,0,1,NA,NA,NA,NA,NA,0,0,1,1,1,1,0,1,NA,1,0,1,1,1,1,1,1,0,1,1,1,1,1,1,1,0,1,1,NA,0,1,1,0,1,1,1,1,1,1,1,NA,0,NA,NA,1,NA,NA,NA,NA,NA,NA,1,NA,0,0,0,0,1,1,1,0,1,0,0,NA,1,1,1,1,1,1,0,1,1,NA,0,0,0,1,0,0,0,0,1,0,NA,1,1,NA,0,1,0,1,1,0,1,1,0,NA,1,1,1,1,1,0,NA,0,0,1,0,1,1,1,1,1,NA,0,1,1,0,1,NA,NA,NA,NA,1,1,1,1,1,1,1,1,1,1,1,1,0,1,1,1,1,1,1,NA,NA,1,NA,0,1
"FORD (National Greenbacker MO-9)",NA,0,0,1,1,NA,0,1,0,0,NA,1,NA,NA,1,1,NA,0,1,1,0,1,1,1,1,0,1,0,0,0,0,1,0,NA,NA,0,0,0,0,NA,1,0,1,0,NA,1,1,1,0,1,NA,1,1,1,NA,0,1,NA,NA,NA,NA,0,0,1,0,1,NA,0,NA,1,1,1,1,1,1,NA,NA,NA,NA,NA,0,1,1,1,0,1,1,NA,1,1,1,1,1,0,1,1,0,0,1,1,0,0,1,0,0,1,1,1,NA,NA,NA,0,1,1,1,NA,1,1,0,0,NA,1,1,0,1,NA,0,1,0,1,1,0,1,1,1,0,1,0,0,1,0,0,NA,0,0,0,0,0,0,0,0,NA,0,0,0,0,1,0,0,0,0,0,0,1,1,0,1,0,1,1,0,1,0,1,NA,0,1,1,NA,1,0,1,0,1,1,0,1,1,NA,0,1,0,0,1,1,1,1,1,NA,0,NA,NA,1,1,1,0,1,0,1,NA,0,1,1,1,1,1,0,1,1,0,1,1,1,1,0,1,NA,NA,NA,0,1,NA,NA,NA,NA,0,1,1,1,0,0,1,1,1,NA,NA,1,1,0,NA,1,1,0,1,1,1,1,NA,1,0,1,0,NA,1,1,0,0,1,1,1,0,1,NA,1,1,NA,0,1,0,0,1,0,1,0,NA,NA,1,1,NA,1,0,1,NA,0,NA,NA,1,1,1,1,1,NA,1,0,0,NA,NA,NA,0,1,1,NA,NA,NA,NA,NA,0,0,0,1,NA,0,0,0,0,NA,1,0,1,1,1,0,1,NA,1,NA,1,0,NA,NA,1,NA,NA,1,NA,NA,NA,0,1
"BURROWS (National Greenbacker MO-10)",0,0,0,1,1,1,NA,NA,0,0,0,0,0,1,NA,NA,1,1,1,1,1,0,NA,NA,NA,1,NA,0,1,0,NA,1,0,1,1,0,0,0,0,NA,NA,NA,NA,NA,NA,NA,NA,1,1,1,0,1,1,1,1,0,1,NA,NA,NA,NA,0,0,1,NA,NA,NA,NA,NA,NA,1,0,1,1,1,NA,1,1,1,1,0,1,1,1,NA,1,0,1,1,1,1,1,1,0,1,NA,NA,NA,NA,1,0,0,1,0,0,1,1,1,0,0,0,0,1,0,0,0,1,1,0,1,1,1,1,0,1,0,0,1,0,1,1,0,1,1,1,0,1,0,0,1,0,0,NA,0,0,0,0,0,0,0,0,0,0,0,0,0,1,0,0,NA,NA,NA,NA,NA,NA,0,1,0,1,1,0,1,0,1,NA,0,1,1,1,1,0,1,0,1,1,0,1,1,0,0,1,NA,NA,NA,NA,NA,NA,NA,NA,NA,NA,NA,NA,NA,NA,NA,NA,NA,NA,NA,NA,NA,NA,NA,NA,NA,NA,NA,NA,NA,NA,NA,NA,NA,NA,NA,NA,NA,NA,NA,NA,NA,NA,NA,NA,NA,NA,NA,NA,NA,NA,NA,NA,NA,NA,NA,NA,NA,NA,NA,NA,1,0,1,0,1,1,NA,0,0,NA,1,0,1,1,1,0,1,1,1,0,1,1,1,1,1,1,1,1,NA,NA,NA,NA,NA,1,1,1,1,NA,1,1,1,NA,0,1,1,0,0,1,1,1,1,1,0,0,NA,0,1,0,1,1,1,0,NA,NA,NA,0,0,0,0,NA,NA,NA,NA,0,1,1,0,1,1,1,0,1,NA,NA,NA,1,1,NA,NA,NA,NA,NA,NA,NA,NA,NA,NA,NA
"CLARK (D MO-11)",1,1,1,1,NA,1,0,0,0,0,0,1,1,1,1,0,1,1,NA,0,NA,0,1,0,1,1,1,0,0,1,1,0,1,NA,0,1,1,1,1,0,0,0,1,0,0,1,1,1,NA,1,1,0,0,1,0,NA,1,0,1,1,1,1,1,1,0,0,1,1,NA,0,0,0,NA,1,1,NA,NA,NA,NA,NA,0,0,1,0,1,0,1,NA,0,0,1,NA,0,1,0,0,0,1,1,1,1,1,0,1,0,1,1,0,NA,NA,NA,0,1,0,0,1,NA,1,1,NA,NA,NA,1,0,1,0,1,0,0,NA,NA,1,NA,NA,NA,1,NA,NA,NA,NA,NA,NA,NA,NA,NA,NA,NA,NA,NA,NA,NA,1,NA,NA,NA,NA,NA,NA,NA,NA,NA,NA,NA,NA,NA,NA,NA,NA,NA,NA,NA,NA,1,NA,NA,1,NA,NA,0,NA,NA,NA,1,NA,NA,1,1,0,1,1,1,1,NA,1,1,NA,NA,1,1,NA,NA,NA,NA,NA,NA,NA,NA,NA,NA,NA,NA,NA,NA,NA,NA,NA,NA,NA,NA,NA,NA,NA,NA,NA,NA,NA,NA,NA,NA,NA,NA,NA,NA,NA,NA,NA,NA,NA,NA,NA,NA,NA,NA,NA,NA,NA,NA,NA,NA,1,1,1,0,1,1,1,1,1,0,1,0,1,1,NA,0,1,1,0,1,1,1,1,1,1,1,1,1,0,1,1,1,1,1,1,1,1,0,1,1,1,0,NA,0,1,NA,0,1,1,0,0,NA,0,0,NA,NA,1,1,0,1,0,0,1,0,1,0,0,NA,0,1,0,0,0,0,NA,NA,0,0,0,1,1,1,0,NA,0,0,0,1,0,0,NA,NA,NA,0,NA,NA,NA,NA,NA,NA
"HATCH (D MO-12)",1,1,1,1,NA,1,0,0,1,1,0,1,0,0,1,0,1,1,0,1,1,0,0,0,0,0,1,0,0,1,1,0,1,NA,0,1,1,1,0,0,0,0,1,0,0,1,1,1,0,1,1,0,1,1,0,0,1,0,1,1,1,1,0,1,0,0,1,1,NA,0,0,0,1,1,1,0,1,1,1,1,0,0,1,0,1,1,1,0,0,0,1,0,1,1,NA,NA,0,0,1,1,1,1,0,0,0,1,1,0,NA,NA,NA,0,1,0,0,0,1,1,1,0,0,1,1,0,1,0,NA,1,0,NA,NA,1,NA,NA,NA,1,NA,NA,NA,NA,NA,NA,NA,NA,NA,NA,NA,NA,0,NA,NA,1,NA,NA,NA,NA,NA,NA,NA,NA,NA,NA,NA,NA,NA,NA,NA,NA,NA,NA,NA,NA,1,NA,NA,1,NA,NA,0,NA,NA,NA,1,NA,0,1,1,0,1,1,1,0,NA,0,1,0,0,1,1,NA,1,0,NA,NA,NA,NA,NA,0,0,1,0,0,NA,NA,NA,NA,0,NA,NA,NA,NA,NA,NA,NA,1,NA,0,1,1,0,NA,1,0,0,1,0,0,0,1,0,1,1,0,1,1,0,0,0,1,1,1,1,1,1,1,1,1,1,1,0,1,1,0,1,0,1,1,0,1,1,1,1,1,1,1,1,1,0,1,1,1,1,1,1,1,1,NA,1,1,1,1,1,0,1,0,0,1,1,0,1,0,0,0,1,1,1,1,0,1,0,0,0,0,0,0,1,0,0,1,0,0,0,0,NA,NA,0,0,0,1,1,1,0,0,0,0,0,1,0,0,NA,NA,NA,0,NA,NA,NA,NA,NA,NA
"BUCKNER (D MO-13)",1,1,1,1,1,0,0,0,0,0,NA,1,0,1,1,0,1,NA,NA,1,1,0,0,0,0,0,NA,NA,0,NA,NA,0,1,NA,0,1,1,1,NA,NA,NA,NA,NA,NA,0,0,1,1,0,NA,1,0,1,NA,0,0,1,NA,1,NA,NA,1,1,0,NA,0,0,0,NA,NA,1,0,1,NA,NA,NA,NA,NA,NA,NA,NA,NA,1,NA,1,NA,NA,0,1,0,0,0,0,1,0,NA,0,1,NA,NA,1,1,0,NA,NA,NA,NA,1,NA,NA,NA,0,1,1,1,1,1,1,NA,0,0,1,1,0,1,0,1,0,NA,NA,NA,1,NA,NA,NA,1,NA,NA,NA,NA,NA,NA,NA,NA,NA,NA,NA,NA,NA,NA,NA,1,NA,NA,NA,NA,NA,NA,NA,NA,NA,NA,NA,NA,NA,NA,NA,NA,NA,NA,NA,NA,NA,NA,NA,NA,NA,NA,NA,NA,NA,NA,1,NA,0,1,1,0,1,1,NA,NA,1,0,NA,0,NA,1,1,1,1,0,0,0,1,1,0,1,NA,1,NA,0,NA,NA,NA,NA,NA,NA,NA,NA,NA,NA,NA,NA,1,NA,0,1,1,NA,0,1,0,1,1,0,1,1,1,0,1,1,0,1,1,NA,NA,NA,NA,NA,NA,NA,0,1,1,1,1,1,0,1,1,0,0,NA,1,0,0,0,0,NA,1,1,1,1,1,0,1,0,1,0,NA,1,0,NA,NA,NA,NA,1,NA,1,0,1,NA,1,0,0,1,NA,0,NA,1,1,0,1,1,1,1,NA,NA,NA,1,0,1,0,1,NA,0,0,1,0,NA,NA,NA,NA,NA,0,0,0,1,1,NA,1,1,0,0,NA,1,0,NA,NA,NA,NA,NA,NA,NA,NA,NA,NA,NA
"VALENTINE (R NE-1)",1,1,0,0,1,0,1,1,0,0,1,0,1,1,1,1,0,0,NA,NA,1,1,NA,1,0,1,NA,1,1,NA,1,1,0,1,1,0,0,0,0,1,1,NA,NA,NA,1,0,1,1,1,1,1,1,1,1,1,0,1,1,0,0,0,0,0,1,0,1,0,0,1,1,1,0,1,0,0,1,1,NA,NA,0,1,1,1,1,0,NA,NA,NA,NA,NA,NA,1,1,0,1,1,1,0,1,1,0,0,1,0,0,1,1,1,1,1,1,1,1,0,1,0,NA,0,0,1,1,0,0,0,1,1,0,NA,NA,1,1,NA,NA,NA,NA,NA,NA,NA,NA,NA,NA,NA,NA,NA,NA,NA,NA,NA,NA,NA,NA,NA,NA,NA,NA,NA,NA,NA,NA,NA,NA,NA,NA,NA,NA,NA,NA,NA,NA,NA,NA,NA,NA,NA,NA,NA,NA,NA,NA,NA,NA,NA,0,1,1,0,1,1,0,0,1,0,0,1,1,1,NA,1,NA,0,0,1,1,1,1,0,1,1,1,0,NA,1,1,1,1,1,0,1,1,1,1,1,1,1,0,1,NA,1,0,1,1,0,1,1,0,1,1,1,1,0,NA,0,1,NA,NA,NA,0,0,NA,0,1,1,NA,0,1,1,1,1,0,1,0,1,1,NA,NA,NA,NA,NA,NA,NA,NA,NA,NA,NA,NA,NA,NA,NA,NA,NA,NA,NA,NA,NA,1,1,1,0,0,0,NA,NA,NA,NA,NA,1,0,0,1,1,1,1,1,0,0,NA,NA,1,0,1,1,1,1,1,1,NA,NA,1,0,1,1,1,1,1,1,1,1,1,1,0,NA,1,1,1,1,1,1,1,1,1,1,1,1,1,1,1,1,0,1
"CASSIDY (D NV-1)",1,1,1,1,NA,NA,NA,NA,0,0,1,1,1,1,1,1,NA,NA,NA,1,1,0,0,0,NA,0,1,1,0,NA,0,0,1,NA,0,1,1,1,0,NA,NA,0,NA,NA,0,1,1,1,0,1,NA,NA,NA,NA,1,1,NA,1,0,0,0,0,0,1,1,1,0,0,NA,NA,1,0,1,1,1,0,NA,1,1,1,NA,0,1,1,0,NA,NA,0,NA,0,1,0,1,1,0,0,0,0,1,1,1,NA,NA,NA,1,1,1,0,0,NA,0,NA,NA,NA,NA,NA,1,NA,1,0,0,1,1,0,NA,NA,NA,NA,0,NA,NA,1,NA,NA,NA,1,NA,NA,NA,NA,NA,NA,NA,1,NA,NA,NA,NA,NA,NA,NA,1,NA,NA,NA,NA,NA,NA,NA,NA,NA,NA,NA,NA,NA,NA,NA,NA,NA,NA,NA,NA,1,NA,NA,1,NA,NA,0,NA,NA,NA,1,NA,0,1,1,NA,NA,NA,NA,1,1,1,NA,0,1,1,NA,NA,1,NA,1,0,0,NA,1,0,1,0,1,NA,NA,NA,NA,NA,NA,NA,NA,NA,NA,NA,NA,NA,1,NA,NA,1,1,0,0,NA,0,NA,0,0,0,0,1,NA,0,NA,0,0,1,1,NA,NA,0,NA,NA,NA,1,1,1,NA,1,1,0,NA,1,1,1,1,NA,NA,NA,1,0,NA,1,1,NA,1,1,NA,NA,0,1,NA,1,1,0,NA,1,1,NA,1,NA,1,NA,NA,NA,NA,NA,NA,NA,1,0,0,1,0,NA,1,1,NA,1,0,1,1,0,1,0,NA,NA,NA,1,0,1,0,0,0,0,NA,NA,0,0,0,0,0,0,1,1,0,0,0,1,0,0,NA,NA,NA,0,NA,NA,NA,NA,NA,NA
"HALL (R NH-1)",1,1,0,0,1,1,1,NA,1,1,0,0,1,1,1,0,1,1,NA,NA,0,1,0,NA,NA,0,1,1,1,NA,NA,1,0,1,1,0,0,0,0,NA,1,NA,1,NA,NA,NA,NA,NA,NA,NA,NA,NA,1,1,NA,0,1,1,0,0,0,0,0,1,1,1,0,NA,1,1,1,1,0,0,0,1,1,0,1,0,1,1,0,NA,0,0,0,NA,1,NA,0,1,1,0,1,1,1,1,NA,0,NA,0,1,1,NA,1,NA,1,1,1,NA,0,1,0,0,0,NA,NA,NA,NA,NA,NA,NA,0,0,1,0,0,1,NA,1,0,1,1,1,0,1,0,0,1,0,0,0,0,0,0,0,0,0,0,0,NA,0,0,0,0,1,0,0,0,0,0,0,1,1,1,1,0,1,1,0,1,0,1,1,0,1,1,1,1,1,1,0,1,1,0,1,1,NA,NA,NA,0,NA,NA,0,NA,NA,1,0,0,NA,NA,0,1,1,0,1,NA,NA,NA,NA,NA,NA,NA,NA,NA,NA,NA,NA,NA,NA,1,1,1,0,1,NA,NA,NA,NA,NA,NA,NA,NA,NA,NA,NA,NA,NA,NA,NA,NA,NA,NA,NA,NA,NA,NA,NA,0,1,1,0,1,0,0,1,1,0,0,0,NA,NA,NA,1,0,0,NA,0,1,0,1,1,0,NA,0,0,1,0,0,0,0,1,0,1,NA,1,0,0,NA,1,NA,NA,0,1,1,0,0,1,1,1,1,1,NA,0,0,0,1,NA,NA,1,1,1,0,1,0,1,1,0,1,1,1,1,1,1,1,1,1,0,NA,0,1,0,1,1,1,1,1,1,1,1,1,NA,NA,NA,NA,NA,0,1
"BRIGGS (R NH-2)",1,1,0,0,1,1,1,1,1,1,1,NA,NA,NA,1,NA,NA,NA,NA,NA,NA,NA,0,1,1,0,0,1,1,0,0,1,0,1,1,0,0,0,1,0,1,1,0,NA,1,0,1,1,1,1,1,1,1,0,1,0,1,1,0,0,0,0,0,1,0,1,0,0,1,1,1,1,0,0,0,1,0,0,0,0,1,1,0,1,0,1,0,1,1,1,0,1,1,0,1,1,1,0,1,1,0,0,1,0,0,1,1,1,1,1,1,0,0,0,0,0,0,0,0,1,1,0,0,1,0,1,0,0,1,1,1,0,1,1,1,0,1,0,0,1,0,0,0,0,0,0,0,0,0,0,0,0,0,0,0,0,1,0,0,0,0,0,0,1,1,0,1,0,1,1,0,1,NA,1,1,0,1,1,1,1,1,1,0,1,1,0,0,1,0,0,1,0,0,1,0,1,0,0,0,0,0,1,1,1,1,0,1,1,1,0,0,1,1,1,1,1,0,1,1,1,1,1,1,1,0,1,0,NA,0,1,1,0,1,0,0,0,0,0,0,0,1,0,1,0,0,1,0,0,NA,0,1,1,0,0,0,NA,1,1,0,0,0,1,0,1,NA,NA,NA,NA,NA,NA,0,1,1,0,0,0,0,1,0,0,0,0,1,0,1,1,1,0,0,1,1,0,1,0,1,1,0,0,1,1,1,1,1,0,0,0,0,1,0,1,1,0,0,0,1,1,1,1,0,1,1,1,1,1,1,1,1,1,0,0,0,1,0,1,1,1,0,1,1,1,1,1,1,1,1,1,1,0,1
"RAY (R NH-3)",1,1,0,0,1,0,1,1,0,NA,1,0,0,1,1,1,NA,0,1,NA,0,NA,0,1,0,NA,NA,1,1,0,0,1,0,1,1,0,0,0,1,NA,1,1,0,1,1,0,1,1,NA,NA,1,1,1,0,1,0,1,1,0,0,0,0,0,1,1,1,0,0,1,1,1,1,0,NA,0,1,1,0,1,NA,1,1,0,1,0,0,0,1,NA,1,0,NA,1,0,1,1,1,0,1,NA,0,0,1,0,0,1,NA,1,1,1,1,1,1,NA,NA,NA,0,0,0,1,1,0,0,NA,NA,1,0,0,1,1,1,NA,1,1,1,0,1,0,0,1,0,0,0,0,0,0,0,0,0,0,0,0,0,0,0,0,1,0,0,0,0,0,0,1,1,0,1,0,1,1,0,1,0,1,0,0,1,1,1,1,1,1,0,1,1,NA,0,1,0,0,1,NA,NA,NA,NA,NA,NA,NA,NA,NA,0,1,1,1,1,0,1,1,1,0,NA,1,NA,1,1,1,0,1,1,1,1,1,1,1,0,1,1,NA,0,1,1,0,1,0,NA,1,0,0,NA,NA,1,0,1,0,NA,NA,NA,1,NA,1,1,NA,0,0,0,NA,1,1,1,0,0,1,NA,1,1,1,NA,NA,NA,NA,NA,NA,NA,0,0,0,0,1,0,0,0,0,1,0,NA,1,1,0,0,0,NA,NA,1,0,1,1,0,0,1,1,1,1,1,0,0,0,0,1,0,1,1,1,0,0,1,1,1,1,0,1,1,1,1,1,1,1,1,1,0,0,NA,1,0,1,1,1,1,1,1,1,1,1,NA,1,1,1,1,0,1
"ROBESON (R NJ-1)",1,1,0,NA,NA,0,1,1,0,0,1,0,NA,1,1,1,0,0,1,NA,0,1,0,1,1,NA,NA,1,1,0,0,1,0,1,1,0,0,0,NA,NA,1,NA,NA,1,1,NA,NA,NA,NA,NA,NA,1,1,NA,1,0,1,1,0,NA,NA,0,0,1,1,1,0,0,1,1,1,1,NA,0,NA,1,NA,1,1,1,1,1,1,1,NA,1,0,1,1,1,0,1,1,0,1,1,NA,0,1,NA,NA,NA,NA,0,0,1,1,1,1,1,1,NA,NA,NA,NA,0,0,1,0,1,1,0,0,1,0,1,0,0,1,1,1,0,1,1,1,0,1,0,0,1,0,0,0,0,0,0,0,0,0,0,0,0,0,0,0,NA,1,0,0,NA,0,0,0,1,1,NA,1,NA,1,1,0,1,NA,1,NA,0,1,1,1,1,1,1,NA,1,NA,NA,NA,NA,0,0,1,0,NA,NA,NA,NA,NA,NA,NA,0,0,NA,NA,1,1,0,1,NA,1,0,1,NA,1,1,1,1,NA,1,1,1,1,1,1,1,0,1,1,NA,0,1,1,0,1,1,1,1,1,1,1,NA,1,0,1,1,NA,1,1,1,1,0,1,1,0,NA,1,0,1,NA,1,0,1,0,0,1,1,NA,NA,1,0,1,0,1,1,0,0,0,0,0,NA,0,0,NA,NA,0,NA,NA,NA,NA,NA,0,1,1,1,0,NA,1,0,0,1,NA,1,1,1,NA,NA,0,0,NA,0,1,1,1,1,1,1,1,0,1,0,1,1,1,1,1,1,1,1,1,1,NA,1,0,NA,1,1,1,NA,1,NA,NA,NA,NA,NA,NA,NA,1,NA,1,1
"BREWER (R NJ-2)",1,1,0,0,1,0,1,1,0,0,1,NA,0,1,1,1,0,0,1,1,NA,NA,0,NA,NA,1,1,0,1,0,0,1,0,1,1,0,0,0,1,1,1,0,0,1,1,0,1,NA,0,NA,1,1,1,0,1,0,1,NA,NA,NA,NA,0,0,1,NA,NA,NA,NA,NA,NA,1,0,1,0,0,NA,1,0,1,1,NA,NA,NA,1,0,1,0,1,1,0,1,1,1,0,1,1,NA,NA,NA,NA,NA,0,1,0,0,1,NA,1,1,1,1,0,0,0,NA,0,NA,NA,NA,NA,1,NA,NA,NA,NA,NA,NA,NA,NA,NA,NA,0,1,1,1,0,1,0,0,1,0,0,0,0,0,0,0,0,0,0,0,0,0,NA,0,0,1,0,0,0,0,0,0,1,1,0,1,0,1,1,0,1,0,1,1,0,1,1,1,1,1,1,0,1,1,0,0,1,0,0,0,0,0,1,1,NA,NA,1,0,0,0,1,NA,1,0,0,1,1,1,0,NA,1,1,NA,1,1,0,1,1,1,1,1,1,1,0,1,NA,NA,NA,NA,NA,NA,NA,NA,NA,1,1,1,NA,NA,1,0,NA,1,0,1,1,1,NA,0,NA,1,NA,NA,NA,0,1,1,1,0,1,0,0,NA,1,1,NA,1,0,NA,NA,1,1,0,0,0,0,1,0,0,0,0,NA,NA,1,1,1,0,0,0,1,NA,NA,0,1,1,0,0,1,0,1,1,1,0,0,0,0,1,NA,1,1,1,1,0,1,NA,0,1,0,1,1,1,1,1,1,1,1,1,1,1,1,0,1,1,1,1,1,1,1,1,NA,1,NA,NA,NA,NA,NA,0,NA
"ROSS (D NJ-3)",1,1,1,NA,NA,0,0,NA,NA,NA,NA,1,NA,NA,NA,0,1,1,NA,0,NA,0,NA,NA,NA,0,NA,NA,NA,NA,1,NA,NA,NA,0,NA,NA,NA,NA,0,NA,NA,NA,NA,0,1,1,NA,NA,NA,NA,NA,NA,NA,NA,NA,NA,NA,NA,NA,NA,NA,NA,1,NA,NA,NA,NA,NA,NA,NA,NA,NA,NA,NA,NA,NA,NA,NA,NA,1,0,1,0,NA,NA,NA,NA,NA,NA,NA,NA,NA,1,0,0,1,NA,0,0,1,0,1,1,NA,NA,0,0,NA,NA,NA,NA,NA,NA,NA,NA,NA,0,0,0,0,NA,NA,NA,NA,NA,NA,0,1,NA,NA,NA,NA,NA,NA,NA,NA,NA,NA,NA,NA,NA,NA,NA,NA,NA,NA,NA,NA,NA,NA,NA,NA,NA,NA,NA,NA,NA,NA,NA,NA,NA,NA,NA,NA,NA,NA,NA,NA,NA,NA,NA,1,NA,NA,NA,NA,NA,NA,NA,NA,NA,NA,NA,1,0,0,0,NA,NA,NA,NA,NA,NA,1,0,NA,1,1,1,NA,1,NA,1,NA,1,0,NA,0,NA,0,NA,NA,NA,NA,NA,NA,NA,NA,NA,NA,NA,NA,NA,1,NA,NA,NA,NA,NA,NA,NA,NA,NA,1,NA,1,1,0,NA,1,1,0,1,NA,NA,0,0,1,NA,NA,NA,NA,NA,NA,1,1,NA,NA,1,0,1,1,1,NA,NA,NA,NA,NA,1,1,0,NA,NA,NA,NA,NA,NA,NA,NA,NA,NA,NA,NA,NA,NA,NA,NA,NA,NA,NA,NA,NA,NA,NA,NA,NA,NA,0,1,0,0,0,1,1,NA,NA,NA,1,1,NA,1,1,1,1,NA,0,0,NA,0,0,0,0,NA,NA,0,0,0,NA,1,1,NA,0,0,0,0,NA,1,0,NA,NA,NA,NA,NA,NA,NA,NA,NA,NA
"HARRIS (D NJ-4)",1,1,1,1,NA,0,0,NA,NA,NA,NA,0,0,0,NA,NA,NA,NA,NA,1,NA,NA,0,NA,NA,0,1,0,0,1,1,0,1,NA,0,1,1,1,NA,0,1,NA,NA,NA,1,1,NA,1,NA,NA,NA,NA,NA,NA,NA,1,1,NA,NA,NA,NA,NA,0,1,NA,NA,NA,NA,NA,NA,0,0,1,NA,NA,NA,NA,1,0,1,1,1,1,0,NA,1,1,NA,NA,NA,NA,NA,1,1,NA,NA,1,0,0,1,1,0,1,1,1,NA,1,0,1,NA,NA,NA,0,NA,0,1,NA,0,0,0,0,0,NA,1,1,NA,0,0,1,NA,NA,NA,NA,NA,NA,NA,NA,NA,NA,NA,NA,NA,NA,NA,NA,NA,NA,NA,NA,NA,NA,NA,NA,NA,NA,NA,NA,NA,NA,NA,NA,NA,NA,NA,NA,NA,1,NA,NA,NA,NA,NA,1,NA,NA,1,NA,NA,NA,NA,NA,NA,NA,NA,NA,NA,NA,NA,NA,NA,NA,0,NA,NA,1,NA,NA,NA,1,0,1,1,NA,1,0,NA,0,NA,NA,NA,NA,NA,NA,NA,NA,NA,NA,NA,NA,NA,NA,NA,NA,NA,NA,NA,NA,1,NA,NA,0,1,0,0,1,NA,NA,NA,NA,NA,0,1,0,1,0,NA,0,0,0,NA,NA,NA,NA,1,1,NA,1,1,NA,0,0,1,0,1,1,NA,NA,NA,NA,NA,NA,NA,NA,NA,NA,NA,NA,NA,NA,NA,NA,NA,NA,NA,NA,NA,NA,NA,NA,NA,NA,NA,NA,NA,NA,NA,NA,1,0,1,0,0,0,NA,NA,1,NA,NA,1,0,NA,1,1,NA,0,NA,0,0,1,0,0,0,0,NA,NA,0,0,0,NA,1,NA,0,0,0,0,0,NA,1,0,NA,NA,NA,NA,NA,NA,NA,NA,NA,NA
"HILL (R NJ-5)",1,1,0,0,1,NA,1,1,0,0,1,0,0,1,1,1,0,NA,1,1,0,1,0,NA,NA,1,NA,NA,NA,0,1,1,0,1,1,0,0,0,0,1,NA,NA,NA,NA,1,0,1,1,1,1,1,NA,NA,NA,NA,NA,1,1,0,0,0,0,0,1,NA,NA,NA,NA,NA,NA,NA,1,1,NA,0,1,1,0,1,NA,1,1,1,1,0,NA,NA,1,1,0,1,1,1,0,1,1,1,0,1,1,NA,0,1,0,NA,1,1,0,1,1,1,0,1,NA,NA,NA,NA,NA,0,NA,1,0,0,0,0,1,0,NA,1,NA,NA,NA,NA,NA,1,0,1,0,0,1,0,0,NA,NA,0,0,0,NA,0,0,0,NA,0,0,NA,0,1,0,0,0,0,0,0,1,1,0,1,0,1,1,0,1,NA,1,1,0,1,1,1,1,1,1,0,1,1,0,NA,NA,0,0,1,NA,NA,NA,1,1,1,1,0,NA,NA,1,1,1,1,0,1,NA,1,NA,1,1,NA,1,1,1,0,1,1,1,1,1,1,1,NA,1,NA,0,0,1,1,0,1,NA,0,NA,1,1,1,NA,NA,NA,1,0,0,1,NA,NA,0,0,1,NA,0,1,0,0,1,1,1,0,0,1,0,1,NA,1,NA,1,0,NA,0,1,1,NA,0,0,NA,1,0,0,0,0,1,0,NA,1,1,0,0,1,NA,1,NA,0,1,1,0,0,1,1,1,1,1,0,0,0,0,1,0,0,1,1,1,0,1,1,1,1,0,1,1,1,1,1,1,1,1,1,NA,0,0,1,0,1,1,1,0,1,1,NA,1,1,1,NA,NA,NA,NA,0,1
"JONES (R NJ-6)",1,1,0,0,1,0,0,NA,NA,NA,NA,1,0,NA,1,1,0,0,1,NA,0,1,0,1,1,1,NA,NA,1,0,0,1,0,1,1,0,0,0,0,1,NA,1,NA,1,1,0,NA,1,1,1,1,1,1,NA,1,0,1,NA,NA,NA,NA,0,0,NA,1,1,0,0,1,1,1,1,0,0,0,NA,NA,0,NA,NA,1,1,1,1,NA,NA,NA,1,1,1,0,NA,1,0,1,1,1,0,1,1,0,0,1,NA,NA,NA,NA,NA,NA,NA,NA,NA,NA,NA,NA,NA,NA,NA,NA,NA,NA,NA,NA,NA,NA,NA,NA,NA,NA,1,NA,0,1,1,1,NA,1,0,0,1,0,0,0,0,0,0,0,0,0,0,NA,NA,NA,0,0,0,1,0,0,0,0,0,0,1,NA,0,1,0,1,1,0,1,0,1,1,0,1,1,1,1,1,1,0,1,1,0,0,NA,0,0,1,NA,NA,NA,NA,NA,NA,1,0,0,0,1,NA,NA,NA,NA,NA,NA,NA,NA,NA,NA,1,1,1,1,0,1,1,1,1,1,1,1,NA,1,NA,NA,NA,NA,NA,NA,NA,NA,NA,NA,NA,NA,NA,NA,NA,NA,NA,NA,NA,NA,NA,NA,NA,1,NA,NA,0,NA,NA,NA,NA,NA,0,0,0,0,0,1,NA,NA,NA,NA,NA,1,0,1,1,NA,0,0,1,0,0,0,0,0,1,0,1,1,NA,NA,NA,NA,1,NA,NA,0,1,1,0,0,1,0,1,1,1,NA,NA,0,0,1,NA,NA,NA,NA,NA,0,1,1,1,1,0,1,1,1,1,1,1,1,1,1,1,0,0,1,0,1,NA,NA,0,1,1,1,1,1,1,NA,NA,NA,NA,0,1
"HARDENBERGH (D NJ-7)",1,1,1,0,0,0,0,0,0,0,1,0,0,0,1,0,0,0,0,0,1,0,1,0,0,0,NA,0,0,0,1,0,1,NA,0,0,1,1,1,0,1,1,0,0,1,1,1,1,0,1,1,0,NA,1,0,1,1,0,1,1,NA,1,0,1,NA,NA,NA,NA,NA,NA,NA,0,0,1,0,1,0,1,1,1,1,1,0,0,1,NA,NA,1,1,0,1,0,1,1,0,0,1,NA,NA,NA,NA,0,0,1,1,1,1,0,1,NA,NA,0,0,0,0,1,0,0,0,1,1,0,0,0,0,1,0,0,1,NA,NA,NA,NA,NA,NA,NA,NA,NA,NA,NA,NA,NA,0,1,0,0,1,1,1,1,1,1,1,1,1,1,NA,1,1,1,1,1,1,0,0,NA,NA,1,NA,0,1,0,1,0,NA,1,0,0,0,0,0,0,1,0,1,0,0,1,1,1,0,0,1,1,0,0,1,1,1,NA,NA,NA,NA,NA,NA,1,0,1,0,NA,NA,0,0,0,NA,0,1,0,0,0,0,0,0,0,1,0,NA,1,1,0,0,NA,NA,0,0,0,0,0,0,1,0,1,NA,NA,NA,NA,NA,NA,NA,0,1,1,1,1,1,1,1,1,0,1,0,1,1,1,NA,NA,NA,NA,NA,1,0,0,1,1,1,1,1,1,1,0,1,1,0,1,1,1,1,1,NA,1,0,0,1,1,0,0,0,1,0,0,0,NA,1,0,0,0,0,1,1,1,1,0,1,0,0,1,0,0,0,0,0,0,0,0,0,1,1,1,1,1,0,NA,0,0,0,0,1,1,0,NA,NA,NA,0,NA,NA,NA,NA,1,NA
"BELMONT (D NY-1)",1,1,1,1,NA,0,0,0,1,1,0,1,1,1,1,NA,NA,1,NA,NA,1,NA,1,0,1,1,NA,NA,0,1,NA,0,1,NA,0,1,1,1,1,NA,NA,NA,NA,NA,NA,1,1,1,0,NA,NA,NA,1,1,NA,NA,NA,NA,NA,NA,NA,1,1,0,0,0,NA,1,NA,0,NA,NA,1,NA,NA,NA,NA,1,1,1,NA,0,NA,0,1,NA,NA,0,0,0,1,NA,1,1,0,0,NA,NA,NA,1,1,1,0,NA,NA,NA,NA,NA,NA,NA,NA,NA,NA,NA,NA,NA,NA,NA,NA,0,NA,NA,NA,0,NA,0,NA,NA,1,NA,NA,NA,NA,NA,NA,NA,NA,NA,NA,NA,NA,NA,NA,NA,NA,NA,NA,NA,NA,NA,NA,1,NA,NA,NA,NA,NA,NA,NA,NA,NA,NA,NA,NA,NA,NA,NA,NA,NA,NA,NA,NA,NA,NA,NA,NA,NA,NA,NA,NA,NA,NA,NA,NA,NA,NA,1,NA,NA,NA,0,NA,1,1,NA,0,NA,1,1,NA,1,0,0,NA,NA,1,0,NA,0,NA,NA,NA,NA,NA,NA,NA,NA,NA,NA,NA,NA,NA,NA,NA,NA,NA,NA,1,1,0,0,NA,0,0,NA,0,0,0,NA,NA,0,1,NA,0,NA,NA,NA,NA,1,NA,NA,1,1,0,1,1,1,1,NA,NA,NA,NA,NA,1,1,1,NA,NA,NA,1,1,1,NA,NA,0,1,1,0,1,1,1,1,0,1,1,1,0,1,0,1,0,NA,NA,NA,0,0,1,1,0,0,0,0,0,1,NA,NA,1,NA,1,NA,0,NA,0,NA,NA,NA,0,0,1,0,NA,NA,0,NA,NA,0,0,NA,0,0,0,0,0,0,0,0,1,0,0,NA,NA,NA,NA,NA,NA,NA,NA,0,NA
"ROBINSON (D NY-2)",1,1,1,1,NA,1,0,1,1,0,0,1,0,1,1,0,1,1,0,0,1,0,0,0,0,NA,1,0,0,1,0,0,1,NA,0,1,1,1,0,0,0,0,1,0,NA,1,1,1,NA,1,NA,NA,NA,NA,NA,NA,NA,0,1,1,1,1,NA,1,NA,NA,NA,NA,NA,NA,NA,0,1,1,1,NA,NA,NA,NA,1,0,NA,1,0,1,NA,NA,NA,NA,0,1,0,NA,1,0,0,NA,0,1,1,1,NA,NA,NA,NA,NA,NA,NA,NA,NA,NA,0,1,NA,0,NA,NA,NA,NA,NA,NA,NA,NA,NA,NA,NA,NA,NA,NA,NA,NA,NA,NA,NA,NA,1,NA,NA,NA,NA,NA,NA,NA,NA,NA,NA,NA,NA,NA,NA,NA,NA,NA,NA,NA,NA,NA,NA,NA,NA,NA,NA,NA,NA,NA,NA,NA,NA,NA,NA,NA,NA,1,NA,NA,1,NA,NA,0,NA,NA,NA,1,NA,0,NA,1,NA,1,1,NA,1,1,NA,NA,0,NA,NA,1,NA,NA,NA,1,1,1,1,0,NA,NA,1,0,NA,NA,NA,NA,NA,NA,NA,NA,NA,NA,NA,NA,NA,NA,NA,0,1,1,0,0,1,0,0,1,0,0,0,NA,NA,1,NA,0,0,NA,1,NA,NA,NA,NA,NA,NA,NA,NA,NA,NA,NA,NA,NA,NA,NA,NA,NA,NA,NA,NA,NA,0,1,1,1,1,NA,NA,1,1,NA,NA,1,NA,NA,NA,NA,NA,NA,NA,NA,1,NA,NA,NA,NA,NA,NA,NA,NA,NA,NA,NA,NA,NA,NA,NA,NA,NA,NA,1,NA,NA,NA,1,NA,0,NA,NA,0,NA,NA,NA,0,NA,NA,NA,NA,NA,0,0,0,1,1,0,NA,NA,NA,NA,NA,1,0,0,NA,NA,NA,NA,NA,NA,NA,NA,NA,NA
"SMITH (Indep NY-3)",1,1,0,0,NA,0,1,NA,1,1,1,NA,NA,NA,NA,NA,0,NA,NA,1,0,1,NA,1,0,1,NA,NA,NA,NA,NA,NA,NA,NA,1,0,0,0,0,NA,1,NA,NA,NA,NA,NA,NA,1,NA,1,0,1,1,0,1,0,NA,NA,NA,NA,NA,0,0,1,NA,NA,NA,NA,1,1,NA,1,1,NA,NA,1,1,0,1,1,1,1,1,1,0,1,0,NA,NA,1,1,1,1,NA,NA,NA,1,0,1,1,NA,0,1,NA,NA,NA,NA,NA,NA,NA,NA,NA,NA,NA,NA,NA,0,NA,0,1,1,0,NA,NA,NA,NA,NA,0,1,1,1,NA,NA,NA,NA,NA,NA,0,0,1,0,0,NA,1,0,0,0,0,0,0,0,NA,NA,NA,0,0,1,0,0,0,0,0,0,1,1,0,1,0,1,1,0,1,0,1,NA,0,1,1,1,1,1,1,1,1,1,0,NA,1,NA,NA,NA,1,NA,NA,NA,1,1,1,1,1,0,1,1,1,0,NA,NA,NA,NA,1,1,1,1,1,1,1,0,1,1,1,1,1,1,1,0,1,1,NA,0,1,1,NA,NA,1,0,1,1,1,1,0,1,NA,1,NA,NA,1,1,1,NA,NA,NA,1,0,1,1,NA,1,1,0,0,1,1,0,NA,NA,NA,NA,NA,NA,1,0,1,1,NA,0,0,0,1,0,NA,NA,NA,1,NA,NA,NA,NA,NA,NA,NA,NA,NA,NA,NA,1,1,0,NA,1,1,1,1,1,0,0,NA,NA,NA,NA,NA,1,NA,0,0,1,1,1,NA,NA,1,1,1,1,1,1,1,1,1,1,0,0,1,1,1,1,0,0,1,1,1,1,1,1,1,1,1,NA,0,1
"BLISS (D NY-4)",1,1,1,1,NA,0,NA,NA,0,NA,NA,0,0,NA,1,1,NA,0,NA,0,0,1,NA,NA,NA,1,NA,0,0,NA,NA,0,NA,NA,0,1,NA,NA,NA,NA,NA,NA,NA,NA,1,1,1,1,0,NA,1,NA,1,NA,NA,NA,1,0,NA,NA,NA,1,0,1,NA,1,NA,NA,NA,NA,NA,0,1,1,1,1,1,1,NA,1,NA,NA,NA,NA,NA,0,1,NA,NA,0,1,0,1,NA,NA,NA,1,0,1,1,1,0,1,0,1,1,1,1,1,1,1,NA,NA,NA,NA,NA,0,NA,NA,0,0,NA,0,NA,0,NA,0,0,1,NA,NA,1,NA,NA,NA,1,NA,NA,NA,NA,NA,NA,NA,NA,NA,NA,NA,NA,NA,NA,NA,1,NA,NA,NA,NA,NA,NA,NA,NA,NA,NA,NA,NA,NA,NA,NA,NA,NA,NA,NA,NA,NA,NA,NA,1,NA,NA,NA,NA,NA,NA,1,NA,NA,NA,NA,1,0,NA,1,1,NA,NA,1,0,1,1,1,0,1,1,1,1,NA,NA,NA,NA,1,0,1,0,NA,NA,NA,NA,NA,NA,NA,NA,NA,NA,NA,NA,NA,NA,1,NA,NA,NA,NA,NA,NA,NA,1,NA,NA,1,1,0,0,NA,0,1,0,1,NA,NA,0,NA,NA,1,0,NA,NA,NA,1,NA,1,0,NA,1,0,NA,NA,0,0,0,NA,NA,0,0,1,0,NA,NA,0,1,NA,0,0,1,0,0,NA,NA,1,1,NA,NA,1,1,NA,0,1,1,1,0,0,0,1,0,0,1,1,1,1,0,NA,1,1,1,1,0,1,0,1,0,NA,0,0,0,0,NA,NA,0,0,0,NA,NA,NA,1,1,0,0,NA,1,1,NA,NA,NA,NA,1,NA,NA,NA,NA,NA,NA
"WOOD (D NY-5)",NA,NA,NA,NA,NA,1,0,1,NA,NA,NA,NA,NA,NA,NA,NA,NA,NA,NA,NA,NA,NA,NA,NA,NA,NA,NA,NA,NA,NA,NA,NA,NA,NA,NA,NA,NA,NA,NA,NA,NA,NA,NA,NA,NA,NA,NA,NA,NA,NA,NA,NA,NA,NA,0,1,NA,NA,NA,NA,NA,NA,NA,NA,NA,NA,NA,NA,NA,NA,NA,NA,NA,NA,NA,NA,NA,NA,NA,NA,NA,NA,NA,NA,NA,NA,NA,NA,NA,NA,NA,NA,NA,NA,NA,NA,NA,NA,NA,NA,NA,NA,NA,NA,NA,NA,NA,NA,NA,NA,NA,NA,NA,NA,NA,NA,NA,NA,NA,NA,NA,NA,NA,NA,NA,NA,NA,NA,NA,NA,NA,NA,NA,NA,NA,1,NA,NA,NA,NA,NA,NA,0,NA,0,0,1,NA,1,1,NA,NA,NA,NA,NA,NA,NA,NA,NA,NA,NA,NA,NA,NA,NA,NA,NA,NA,NA,NA,NA,NA,NA,NA,NA,NA,NA,NA,NA,NA,NA,NA,NA,NA,NA,NA,NA,NA,NA,NA,NA,NA,NA,NA,NA,NA,NA,NA,NA,NA,NA,NA,NA,NA,NA,NA,NA,NA,NA,NA,NA,NA,NA,NA,NA,NA,NA,NA,NA,NA,NA,NA,NA,NA,NA,NA,NA,NA,NA,NA,NA,NA,NA,NA,NA,NA,NA,NA,NA,NA,NA,NA,NA,NA,NA,NA,NA,NA,NA,NA,NA,NA,NA,NA,NA,NA,NA,NA,NA,NA,NA,NA,NA,NA,NA,NA,NA,NA,NA,NA,NA,NA,NA,NA,NA,NA,NA,NA,NA,NA,NA,NA,NA,NA,NA,NA,NA,NA,NA,NA,NA,NA,NA,NA,NA,NA,NA,NA,NA,NA,NA,NA,NA,NA,NA,NA,NA,NA,NA,NA,NA,NA,NA,NA,NA,NA,NA,NA,NA,NA,NA,NA,NA,NA,NA,NA,NA,NA,NA,NA,NA,NA,NA,NA,NA,NA,NA,NA,NA,NA,NA,NA,NA,NA,NA,NA,NA,NA,NA
"COX (D NY-6)",1,1,1,1,NA,0,0,0,0,NA,NA,NA,NA,NA,1,NA,1,1,0,0,NA,NA,NA,0,NA,NA,NA,0,0,1,1,0,0,NA,0,1,1,1,1,0,NA,0,NA,NA,NA,NA,NA,NA,0,NA,NA,0,1,1,0,1,NA,NA,NA,NA,NA,NA,NA,NA,0,0,1,NA,NA,NA,NA,0,1,NA,NA,NA,NA,NA,NA,1,0,0,1,0,1,NA,0,0,1,0,1,NA,1,1,0,0,0,1,0,0,1,1,0,NA,NA,NA,NA,NA,NA,NA,NA,0,1,0,0,1,NA,0,NA,NA,NA,NA,NA,NA,NA,NA,NA,NA,NA,NA,NA,1,0,NA,NA,NA,NA,NA,NA,NA,NA,NA,NA,NA,NA,NA,NA,NA,NA,NA,NA,1,NA,NA,NA,NA,NA,NA,NA,NA,NA,NA,NA,NA,NA,NA,NA,NA,NA,NA,NA,NA,1,NA,NA,1,NA,NA,0,NA,NA,NA,1,NA,0,1,1,0,1,1,0,NA,1,NA,0,0,1,1,NA,NA,NA,0,0,0,0,NA,NA,0,0,NA,1,NA,NA,NA,NA,NA,NA,NA,NA,NA,NA,NA,NA,NA,NA,NA,NA,NA,NA,0,0,1,0,0,0,NA,0,0,0,1,1,1,NA,0,NA,0,0,0,0,NA,NA,1,1,1,1,1,1,NA,0,1,0,NA,NA,NA,NA,NA,NA,NA,NA,NA,1,1,1,0,1,1,1,0,1,1,1,1,0,1,NA,1,NA,1,1,1,NA,1,NA,1,NA,0,1,NA,0,0,0,0,NA,1,1,NA,1,0,1,0,1,0,0,0,1,NA,0,0,0,0,0,0,0,NA,NA,0,0,0,0,0,NA,0,0,0,0,0,1,0,0,NA,NA,NA,NA,NA,NA,NA,NA,1,NA
"DUGRO (D NY-7)",1,1,1,NA,NA,0,0,NA,1,1,NA,0,NA,NA,1,0,1,1,0,0,1,0,NA,NA,NA,NA,NA,0,0,NA,1,0,1,NA,NA,NA,NA,NA,NA,NA,NA,1,1,0,NA,NA,NA,NA,0,1,0,0,NA,NA,NA,NA,NA,NA,NA,NA,NA,NA,NA,NA,NA,NA,NA,NA,NA,NA,1,0,1,1,1,0,0,1,0,1,NA,NA,NA,0,NA,NA,NA,NA,NA,NA,NA,NA,NA,NA,NA,NA,1,1,0,0,0,NA,NA,NA,NA,NA,NA,0,NA,NA,NA,0,0,0,0,0,NA,NA,1,0,0,1,1,0,1,0,1,0,NA,NA,NA,1,NA,NA,NA,1,NA,NA,NA,NA,NA,NA,NA,NA,NA,NA,NA,NA,NA,NA,NA,NA,NA,NA,NA,NA,NA,NA,NA,NA,NA,NA,NA,NA,NA,NA,NA,0,0,NA,NA,NA,NA,NA,NA,NA,NA,NA,NA,NA,NA,NA,NA,NA,NA,NA,NA,NA,1,NA,1,NA,NA,NA,NA,NA,NA,NA,NA,NA,1,0,NA,NA,NA,NA,NA,0,0,1,0,NA,NA,NA,NA,NA,NA,NA,NA,NA,NA,NA,NA,NA,NA,NA,NA,NA,NA,NA,NA,NA,NA,NA,NA,NA,NA,NA,0,1,1,NA,NA,NA,NA,NA,NA,NA,NA,1,1,NA,NA,NA,NA,NA,NA,NA,NA,NA,NA,NA,NA,NA,NA,NA,NA,NA,NA,NA,NA,NA,NA,NA,1,1,1,0,1,1,1,1,NA,NA,NA,NA,NA,NA,NA,NA,NA,NA,NA,1,0,0,1,0,0,0,0,0,0,0,1,NA,NA,NA,NA,NA,NA,NA,NA,0,0,0,0,0,1,0,0,0,0,NA,NA,0,NA,NA,0,0,NA,NA,NA,NA,NA,NA,1,0,0,NA,NA,NA,NA,NA,NA,NA,NA,NA,NA
"MCCOOK (R NY-8)",1,1,0,0,NA,1,1,1,1,1,0,1,0,1,1,1,NA,0,NA,1,0,1,NA,NA,NA,1,0,NA,1,NA,NA,1,0,1,1,0,0,0,0,1,NA,NA,NA,NA,1,NA,1,1,1,1,NA,1,1,0,1,0,1,1,NA,NA,NA,0,0,1,NA,1,NA,NA,NA,NA,1,1,1,NA,NA,NA,NA,NA,NA,NA,1,1,1,1,NA,1,0,1,1,1,1,NA,NA,1,NA,NA,NA,NA,NA,NA,NA,NA,NA,NA,NA,NA,NA,NA,NA,NA,NA,NA,NA,NA,0,NA,0,0,0,1,1,0,0,0,0,1,0,0,1,1,1,NA,NA,1,NA,NA,NA,0,0,1,0,0,0,0,0,0,0,0,0,0,0,0,0,0,0,0,1,0,0,0,0,0,0,1,1,0,1,0,1,1,0,1,0,1,NA,0,1,1,1,1,1,1,0,1,1,0,NA,0,0,0,1,1,NA,NA,NA,NA,NA,NA,NA,NA,0,1,1,1,1,0,1,1,1,0,1,0,1,1,1,1,0,1,1,1,1,1,1,1,0,1,0,1,1,NA,NA,NA,NA,NA,NA,NA,NA,NA,NA,NA,NA,NA,NA,NA,NA,NA,1,1,1,0,1,1,0,0,0,0,1,1,0,1,1,1,1,1,NA,NA,NA,NA,NA,1,0,1,1,0,0,0,1,0,1,1,0,1,0,0,1,1,NA,1,0,0,1,0,NA,NA,NA,NA,NA,NA,1,1,1,1,1,NA,NA,0,0,1,0,1,1,1,1,0,1,1,1,1,0,1,1,1,1,1,1,1,1,1,0,0,0,1,0,0,1,0,0,1,1,1,NA,1,NA,1,NA,NA,NA,0,1
"HARDY (D NY-9)",1,1,1,1,NA,1,0,0,0,0,1,0,NA,NA,NA,NA,NA,NA,NA,NA,NA,NA,NA,NA,NA,NA,0,0,0,1,1,0,1,NA,0,1,1,1,1,0,NA,NA,NA,NA,NA,NA,NA,1,0,1,1,0,1,1,NA,NA,NA,NA,NA,NA,NA,NA,NA,NA,0,0,1,1,NA,0,0,0,1,1,1,1,0,1,1,1,1,0,1,NA,NA,NA,NA,NA,NA,NA,NA,0,1,1,NA,0,1,1,0,0,1,NA,NA,1,1,0,1,0,1,NA,NA,0,1,0,NA,NA,NA,NA,NA,NA,NA,NA,NA,NA,NA,NA,NA,NA,NA,NA,NA,NA,NA,NA,NA,1,NA,NA,NA,NA,NA,NA,NA,NA,NA,NA,NA,NA,NA,NA,NA,1,NA,NA,NA,NA,NA,NA,NA,NA,NA,NA,NA,NA,NA,NA,NA,NA,NA,NA,NA,NA,NA,NA,NA,NA,NA,NA,NA,NA,NA,NA,NA,NA,NA,0,1,0,1,1,0,NA,NA,NA,NA,0,0,1,1,1,NA,NA,NA,NA,NA,1,0,0,NA,NA,NA,0,NA,NA,NA,NA,NA,NA,NA,NA,NA,NA,NA,NA,1,NA,0,NA,NA,NA,NA,1,0,0,0,0,0,0,NA,NA,NA,NA,0,0,0,1,NA,NA,NA,NA,1,NA,1,1,1,1,1,1,0,1,0,1,1,1,1,1,NA,NA,NA,1,1,1,1,0,1,1,0,1,1,0,1,1,0,NA,NA,NA,NA,1,1,1,1,NA,0,0,0,0,1,1,0,1,0,0,0,NA,NA,NA,NA,NA,1,1,0,0,1,NA,NA,NA,0,NA,1,0,0,0,0,NA,NA,0,0,0,0,0,0,0,0,0,0,0,1,1,0,NA,NA,NA,0,NA,NA,NA,NA,NA,NA
"HEWITT (D NY-10)",1,1,1,1,NA,1,0,1,0,0,0,1,NA,NA,NA,NA,NA,NA,0,1,NA,0,1,0,0,1,NA,0,0,1,NA,0,1,NA,0,1,1,1,0,NA,1,1,0,NA,NA,NA,NA,NA,0,1,NA,0,1,1,0,1,1,NA,NA,NA,NA,1,1,0,0,1,NA,1,NA,0,1,0,1,NA,0,1,1,1,1,1,1,0,1,NA,NA,0,1,0,NA,0,1,0,1,NA,NA,NA,NA,NA,NA,NA,1,NA,0,NA,NA,NA,NA,0,1,1,NA,0,0,0,0,1,0,0,0,NA,0,0,0,1,0,1,0,0,NA,NA,NA,NA,NA,NA,NA,1,NA,NA,NA,NA,NA,NA,NA,NA,NA,NA,NA,NA,NA,NA,NA,NA,NA,NA,NA,NA,NA,NA,NA,NA,NA,NA,NA,NA,NA,NA,NA,1,NA,NA,NA,NA,NA,NA,NA,NA,NA,NA,NA,NA,NA,NA,NA,NA,1,NA,0,0,0,1,1,NA,NA,1,0,0,1,NA,1,1,1,1,NA,NA,NA,1,0,NA,NA,NA,NA,0,NA,NA,NA,NA,NA,NA,NA,NA,NA,NA,NA,NA,NA,NA,NA,NA,NA,NA,NA,1,0,0,0,0,0,0,0,0,1,NA,0,0,1,0,NA,NA,NA,1,1,1,0,0,0,1,1,1,0,1,0,1,1,NA,1,1,NA,0,NA,1,0,1,1,1,NA,1,1,0,1,NA,NA,NA,NA,NA,NA,NA,NA,NA,NA,NA,NA,NA,NA,NA,NA,NA,NA,NA,NA,NA,NA,NA,NA,NA,NA,NA,NA,NA,NA,NA,NA,NA,NA,NA,NA,NA,NA,NA,NA,NA,NA,NA,NA,NA,NA,NA,NA,NA,NA,NA,NA,NA,NA,NA,NA,NA,NA,0,NA,NA,NA,NA,NA,NA,NA,NA,NA,NA,NA
"MORTON (R NY-11)",NA,NA,NA,NA,NA,NA,NA,NA,NA,NA,NA,NA,NA,NA,NA,NA,NA,NA,NA,NA,NA,NA,NA,NA,NA,NA,NA,NA,NA,NA,NA,NA,NA,NA,NA,NA,NA,NA,NA,NA,NA,NA,NA,NA,NA,NA,NA,NA,NA,NA,NA,NA,NA,NA,NA,NA,NA,NA,NA,NA,NA,NA,NA,NA,NA,NA,NA,NA,NA,NA,NA,NA,NA,NA,NA,NA,NA,NA,NA,NA,NA,NA,NA,NA,NA,NA,NA,NA,NA,NA,NA,NA,NA,NA,NA,NA,NA,NA,NA,NA,NA,NA,NA,NA,NA,NA,NA,NA,NA,NA,NA,NA,NA,NA,NA,NA,NA,NA,NA,NA,NA,NA,NA,NA,NA,NA,NA,NA,NA,NA,NA,NA,NA,NA,NA,NA,NA,NA,NA,NA,NA,NA,NA,NA,NA,NA,NA,NA,NA,NA,NA,NA,NA,NA,NA,NA,NA,NA,NA,NA,NA,NA,NA,NA,NA,NA,NA,NA,NA,NA,NA,NA,NA,NA,NA,NA,NA,NA,NA,NA,NA,NA,NA,NA,NA,NA,NA,NA,NA,NA,NA,NA,NA,NA,NA,NA,NA,NA,NA,NA,NA,NA,NA,NA,NA,NA,NA,NA,NA,NA,NA,NA,NA,NA,NA,NA,NA,NA,NA,NA,NA,NA,NA,NA,NA,NA,NA,NA,NA,NA,NA,NA,NA,NA,NA,NA,NA,NA,NA,NA,NA,NA,NA,NA,NA,NA,NA,NA,NA,NA,NA,NA,NA,NA,NA,NA,NA,NA,NA,NA,NA,NA,NA,NA,NA,NA,NA,NA,NA,NA,NA,NA,NA,NA,NA,NA,NA,NA,NA,NA,NA,NA,NA,NA,NA,NA,NA,NA,NA,NA,NA,NA,NA,NA,NA,NA,NA,NA,NA,NA,NA,NA,NA,NA,NA,NA,NA,NA,NA,NA,NA,NA,NA,NA,NA,NA,NA,NA,NA,NA,NA,NA,NA,NA,NA,NA,NA,NA,NA,NA,NA,NA,NA,NA,NA,NA,NA,NA,NA,NA,NA,NA,NA,NA,NA,NA,NA,NA,NA
"FLOWER (D NY-11)",1,1,1,1,NA,1,0,0,0,0,1,0,0,1,1,0,NA,NA,NA,1,1,NA,1,NA,NA,1,1,0,0,1,1,0,1,NA,0,1,1,1,0,NA,1,1,NA,NA,1,1,1,1,NA,1,1,0,1,NA,NA,NA,1,NA,NA,NA,NA,1,0,1,0,1,0,NA,NA,NA,1,0,1,1,0,1,NA,NA,NA,NA,1,0,1,NA,NA,1,0,NA,0,0,1,0,NA,NA,NA,NA,NA,NA,NA,NA,1,NA,NA,NA,NA,NA,1,NA,NA,1,NA,0,NA,0,0,1,0,0,0,0,0,0,0,0,0,1,0,0,1,NA,NA,1,NA,NA,NA,1,NA,NA,NA,NA,NA,NA,NA,NA,NA,NA,NA,NA,NA,NA,NA,1,NA,NA,NA,NA,NA,NA,NA,NA,NA,NA,NA,NA,NA,NA,NA,NA,NA,NA,NA,NA,NA,NA,NA,NA,NA,NA,NA,NA,NA,NA,NA,NA,NA,NA,NA,NA,NA,NA,NA,NA,1,1,NA,0,1,NA,1,1,1,1,NA,NA,NA,1,0,NA,NA,NA,NA,NA,NA,NA,NA,NA,NA,NA,NA,NA,NA,NA,NA,NA,NA,NA,NA,1,1,NA,0,NA,0,0,0,NA,NA,NA,NA,NA,NA,NA,NA,NA,NA,NA,NA,NA,NA,NA,1,1,1,1,1,1,1,1,NA,NA,NA,NA,NA,NA,NA,NA,NA,1,1,1,1,1,1,0,1,1,1,0,1,0,NA,1,0,NA,1,1,NA,1,NA,1,0,1,NA,0,1,0,1,0,0,1,0,0,0,0,1,0,NA,NA,NA,NA,0,0,1,0,0,1,0,0,0,0,0,0,0,NA,NA,0,0,0,0,0,0,NA,NA,0,0,0,1,0,0,NA,NA,NA,NA,NA,NA,NA,NA,1,NA
"HUTCHINS (D NY-12)",1,1,1,1,NA,NA,NA,0,1,NA,0,1,0,1,1,0,NA,1,NA,0,NA,NA,NA,NA,NA,NA,NA,0,0,1,NA,0,1,NA,0,1,1,1,1,0,NA,NA,NA,NA,1,1,1,1,0,1,1,NA,1,1,NA,NA,NA,NA,1,1,1,NA,0,1,0,NA,NA,1,NA,0,0,0,1,1,NA,1,0,1,1,1,1,0,1,NA,NA,NA,NA,NA,NA,0,1,0,NA,1,NA,NA,1,NA,0,0,1,NA,NA,NA,NA,NA,NA,0,NA,NA,NA,0,NA,NA,NA,1,0,0,0,NA,0,0,0,NA,0,NA,0,0,1,NA,NA,NA,NA,NA,NA,NA,NA,NA,NA,NA,NA,NA,NA,NA,NA,NA,NA,NA,NA,NA,NA,NA,NA,NA,NA,NA,NA,NA,NA,NA,NA,NA,NA,NA,NA,NA,NA,NA,NA,NA,NA,NA,NA,NA,NA,NA,NA,NA,NA,NA,NA,NA,NA,NA,NA,NA,NA,NA,NA,NA,NA,1,NA,NA,0,0,1,NA,NA,NA,NA,1,0,NA,NA,1,0,NA,NA,1,NA,0,NA,NA,NA,NA,1,NA,NA,NA,NA,NA,NA,NA,NA,NA,NA,NA,NA,NA,NA,NA,0,0,0,0,0,0,NA,NA,1,NA,0,0,1,0,NA,NA,NA,NA,NA,NA,NA,NA,NA,NA,NA,NA,0,1,0,1,1,NA,NA,NA,NA,NA,NA,NA,NA,NA,NA,1,NA,1,1,0,1,NA,NA,NA,NA,NA,NA,NA,NA,NA,NA,NA,NA,NA,0,1,0,0,NA,1,NA,NA,NA,NA,NA,NA,1,1,NA,0,NA,NA,0,0,1,NA,NA,NA,NA,0,1,0,0,0,NA,NA,0,0,NA,NA,NA,NA,0,NA,1,0,0,0,1,0,0,NA,NA,NA,0,NA,NA,NA,NA,NA,NA
"KETCHAM (R NY-13)",1,1,0,NA,NA,0,NA,1,0,0,1,0,NA,NA,1,1,0,0,NA,1,NA,NA,0,NA,NA,1,0,NA,1,0,NA,NA,NA,NA,1,0,0,0,0,NA,1,1,NA,NA,NA,NA,NA,1,NA,NA,1,1,1,0,1,0,NA,NA,NA,NA,NA,NA,NA,1,1,1,0,NA,NA,NA,1,1,0,0,NA,1,1,NA,NA,NA,1,1,1,NA,NA,1,0,1,NA,1,NA,NA,0,NA,NA,NA,1,0,NA,NA,0,0,1,0,0,1,1,NA,1,1,1,NA,0,0,NA,NA,0,0,0,1,1,0,NA,NA,NA,NA,NA,NA,NA,NA,NA,0,NA,NA,NA,0,NA,0,0,1,0,0,0,0,0,0,0,0,0,0,0,0,0,0,0,0,1,0,0,0,0,0,0,1,1,0,1,0,1,1,0,1,0,1,1,NA,1,1,NA,1,1,1,NA,1,1,NA,0,0,0,0,1,0,0,1,0,NA,1,NA,0,0,0,1,1,1,NA,0,1,1,1,0,1,1,1,1,1,1,0,1,1,1,1,1,1,1,NA,1,1,NA,0,1,1,0,1,0,1,1,NA,NA,1,0,1,0,1,0,1,1,1,1,NA,NA,1,1,0,1,0,0,1,1,0,NA,0,1,1,0,1,1,1,1,NA,NA,0,1,1,0,0,0,0,1,0,0,0,0,1,0,1,NA,1,NA,NA,0,1,0,NA,0,1,1,0,0,1,NA,1,1,1,NA,NA,NA,0,1,NA,NA,1,NA,1,0,1,1,1,1,0,1,1,1,1,1,1,1,1,1,0,NA,0,1,1,NA,1,1,NA,1,NA,NA,NA,NA,NA,NA,NA,NA,NA,0,NA
"BEACH (D NY-14)",1,1,0,1,NA,1,0,NA,0,0,1,0,NA,1,1,1,1,1,0,1,0,1,0,NA,NA,1,1,0,0,0,0,1,1,NA,NA,0,0,1,0,NA,1,0,0,0,1,1,1,1,0,1,1,1,NA,NA,NA,NA,1,0,1,1,1,1,1,1,0,1,0,NA,0,0,NA,NA,NA,0,NA,1,1,NA,NA,1,1,1,1,NA,NA,1,0,1,0,NA,NA,NA,NA,NA,NA,NA,1,0,1,1,1,1,0,NA,NA,NA,NA,NA,1,NA,NA,0,NA,0,NA,0,0,0,0,0,0,0,0,0,0,1,0,0,1,NA,NA,1,NA,NA,NA,1,NA,NA,NA,NA,NA,NA,NA,NA,NA,NA,NA,NA,NA,NA,NA,1,NA,NA,NA,NA,NA,NA,NA,NA,NA,NA,NA,NA,NA,NA,NA,NA,NA,NA,NA,NA,1,0,NA,NA,NA,NA,NA,NA,NA,NA,NA,NA,NA,NA,NA,NA,NA,NA,NA,1,1,1,NA,0,NA,1,1,NA,NA,NA,NA,NA,NA,1,NA,NA,NA,NA,NA,NA,NA,NA,NA,NA,NA,NA,NA,NA,NA,NA,NA,NA,0,NA,0,NA,NA,NA,NA,NA,NA,NA,NA,NA,NA,NA,NA,NA,NA,NA,NA,NA,NA,NA,NA,NA,NA,1,1,1,1,1,1,1,1,1,1,0,1,0,0,1,1,0,0,0,1,1,1,1,1,0,1,1,1,0,1,1,1,1,0,1,1,1,1,1,0,1,1,1,1,0,0,0,1,0,1,1,0,0,0,0,1,1,0,0,1,0,1,0,1,0,0,1,0,0,0,0,0,0,0,0,NA,0,0,0,1,0,0,0,0,0,0,0,1,0,0,NA,NA,NA,0,NA,NA,NA,NA,1,NA
"CORNELL (R NY-15)",1,1,0,NA,NA,NA,NA,NA,NA,NA,1,1,0,1,1,1,0,1,1,1,1,0,0,NA,NA,NA,NA,NA,NA,NA,NA,NA,NA,NA,NA,NA,NA,NA,NA,NA,NA,NA,NA,NA,NA,NA,NA,NA,NA,NA,NA,NA,NA,NA,NA,NA,NA,1,NA,NA,NA,NA,NA,NA,NA,NA,NA,NA,NA,NA,1,1,1,NA,0,NA,NA,NA,NA,NA,NA,NA,NA,NA,NA,NA,NA,NA,NA,NA,NA,NA,NA,NA,NA,NA,NA,NA,NA,NA,NA,NA,NA,NA,NA,NA,NA,NA,NA,NA,NA,NA,NA,NA,NA,NA,NA,NA,NA,NA,NA,NA,NA,NA,NA,NA,NA,NA,NA,NA,NA,NA,NA,NA,NA,1,1,0,0,1,0,0,0,NA,NA,0,0,0,0,0,0,0,0,0,0,0,1,0,0,0,0,0,0,1,1,0,1,0,1,1,0,1,0,1,1,0,1,1,1,1,1,1,0,1,NA,NA,NA,NA,NA,NA,NA,NA,NA,NA,NA,NA,NA,NA,NA,NA,NA,NA,NA,NA,NA,NA,NA,NA,NA,NA,NA,NA,1,1,1,1,0,1,1,1,1,1,1,1,0,1,1,NA,NA,NA,NA,NA,NA,NA,NA,NA,NA,NA,NA,NA,NA,NA,NA,NA,NA,NA,NA,NA,NA,NA,NA,NA,NA,NA,NA,NA,NA,NA,NA,NA,NA,NA,NA,NA,NA,NA,NA,NA,NA,NA,NA,NA,NA,NA,NA,NA,NA,NA,NA,NA,NA,NA,NA,NA,NA,NA,NA,NA,NA,NA,NA,NA,NA,NA,NA,NA,NA,NA,NA,NA,NA,NA,NA,NA,NA,0,0,1,NA,NA,NA,NA,NA,NA,NA,NA,NA,NA,NA,NA,NA,NA,NA,NA,NA,NA,NA,NA,NA,NA,NA,NA,NA,NA,NA,NA,NA,NA,NA,NA,NA,NA,NA,NA,NA,NA,NA,NA,NA
"NOLAN (D NY-16)",1,1,1,NA,NA,NA,NA,NA,NA,NA,NA,NA,NA,NA,NA,NA,NA,NA,NA,NA,NA,NA,NA,NA,NA,NA,NA,NA,NA,0,NA,NA,NA,NA,NA,NA,NA,NA,NA,NA,NA,NA,NA,NA,1,NA,NA,NA,0,NA,NA,0,1,1,0,1,NA,NA,NA,NA,NA,1,1,1,NA,NA,NA,NA,NA,NA,NA,NA,NA,NA,NA,NA,NA,NA,NA,NA,1,0,1,0,NA,NA,NA,NA,NA,NA,NA,NA,NA,NA,NA,NA,NA,NA,NA,NA,NA,NA,NA,NA,NA,NA,NA,NA,NA,NA,NA,NA,NA,NA,NA,NA,NA,NA,NA,NA,NA,NA,NA,NA,NA,NA,NA,NA,NA,NA,NA,NA,NA,NA,NA,NA,NA,NA,NA,NA,NA,NA,NA,NA,NA,NA,NA,NA,NA,NA,NA,NA,NA,NA,NA,NA,NA,NA,NA,NA,NA,NA,NA,NA,NA,NA,NA,NA,NA,NA,NA,NA,NA,NA,NA,NA,NA,NA,NA,NA,NA,NA,NA,NA,NA,NA,NA,NA,NA,NA,NA,NA,NA,NA,NA,NA,NA,NA,NA,NA,NA,NA,NA,NA,NA,NA,NA,NA,NA,NA,NA,NA,NA,NA,NA,NA,NA,NA,NA,NA,NA,NA,NA,NA,NA,NA,NA,NA,NA,NA,NA,NA,NA,NA,NA,NA,NA,NA,NA,NA,NA,NA,NA,NA,NA,NA,NA,NA,NA,NA,1,1,1,1,1,1,1,1,0,1,0,1,1,1,NA,NA,NA,NA,NA,1,1,1,1,0,1,1,1,0,1,0,1,1,0,NA,1,1,NA,1,NA,1,0,1,NA,NA,NA,NA,NA,NA,NA,NA,NA,NA,NA,NA,NA,NA,NA,NA,NA,NA,NA,NA,NA,NA,NA,NA,NA,0,1,NA,0,0,NA,NA,NA,0,0,0,1,NA,NA,NA,1,NA,NA,NA,NA,NA,NA,NA,NA,NA,NA,NA,NA,NA,NA,NA,NA
"WOOD (R NY-17)",1,1,0,0,NA,NA,NA,1,0,0,0,1,NA,NA,NA,NA,NA,NA,NA,NA,0,1,NA,1,1,1,NA,1,1,NA,0,1,NA,NA,1,0,0,0,0,NA,NA,NA,NA,NA,NA,NA,NA,NA,NA,NA,NA,NA,NA,NA,NA,NA,1,NA,NA,NA,NA,0,0,1,NA,NA,NA,NA,NA,NA,1,1,1,0,0,NA,NA,NA,NA,NA,1,NA,NA,1,NA,NA,NA,NA,NA,NA,NA,NA,NA,NA,NA,NA,NA,NA,NA,1,0,0,1,NA,NA,1,NA,1,NA,NA,NA,1,1,0,NA,NA,0,0,0,1,1,0,0,0,0,1,0,0,1,1,1,NA,NA,NA,NA,NA,NA,NA,NA,NA,NA,NA,NA,NA,NA,NA,NA,NA,NA,NA,NA,NA,NA,NA,NA,NA,NA,NA,NA,NA,NA,NA,NA,NA,NA,0,1,0,1,1,0,1,0,1,NA,0,1,1,1,1,1,1,0,1,NA,NA,NA,NA,NA,NA,NA,NA,NA,NA,NA,NA,NA,NA,NA,NA,NA,NA,NA,NA,NA,NA,NA,NA,NA,NA,NA,NA,1,1,1,1,0,1,1,1,1,1,1,1,0,1,NA,NA,NA,NA,NA,NA,NA,NA,NA,NA,NA,NA,NA,NA,NA,NA,NA,NA,NA,NA,NA,NA,NA,NA,NA,NA,0,0,0,0,1,NA,1,NA,0,1,1,NA,1,1,1,1,0,1,0,1,NA,NA,0,NA,NA,NA,NA,0,0,0,0,0,NA,NA,NA,NA,NA,1,1,0,NA,NA,NA,NA,NA,NA,1,0,1,1,1,0,0,0,0,1,NA,NA,NA,NA,NA,0,1,NA,1,1,0,1,NA,NA,1,1,1,1,1,1,1,0,0,1,1,1,1,1,0,1,1,1,1,1,1,1,1,NA,NA,0,1
"HAMMOND (R NY-18)",1,1,0,0,NA,0,1,NA,0,0,1,0,1,1,1,1,0,NA,NA,1,0,1,NA,1,0,1,NA,1,1,NA,0,1,0,1,1,0,0,0,1,NA,NA,NA,NA,NA,NA,NA,NA,1,NA,NA,NA,1,1,0,1,0,NA,1,0,0,0,0,0,1,1,NA,NA,NA,NA,NA,1,1,0,0,0,1,1,1,1,0,1,1,0,1,0,NA,NA,1,1,NA,0,NA,1,0,1,1,NA,NA,NA,NA,NA,NA,NA,NA,NA,NA,NA,NA,NA,NA,NA,0,0,0,0,0,0,NA,NA,NA,NA,NA,0,0,0,1,0,0,1,1,1,NA,1,1,1,0,1,0,0,1,0,0,0,0,0,0,0,0,0,0,0,0,0,0,0,0,1,0,0,0,0,0,0,1,1,0,1,0,1,1,0,1,0,1,1,0,1,1,1,1,1,1,0,1,NA,NA,NA,NA,NA,NA,NA,0,0,1,NA,1,1,1,0,0,0,1,NA,1,1,0,1,1,NA,NA,NA,1,1,1,1,1,0,1,1,1,1,NA,NA,NA,NA,NA,NA,NA,NA,NA,NA,NA,NA,NA,NA,NA,NA,NA,NA,NA,NA,NA,1,1,NA,NA,NA,NA,NA,NA,NA,NA,0,0,0,0,1,1,0,1,0,1,0,NA,1,1,1,NA,NA,1,0,1,1,0,0,0,0,1,NA,0,0,NA,NA,NA,NA,NA,NA,NA,NA,NA,NA,NA,NA,NA,1,1,0,0,1,1,1,1,NA,0,0,0,0,1,0,1,1,0,1,0,1,1,1,1,0,1,1,1,1,1,1,1,1,1,NA,0,NA,1,0,1,1,1,NA,1,1,1,1,1,1,1,NA,NA,NA,0,1
"PARKER (R NY-19)",1,1,0,0,1,0,1,1,0,0,1,0,1,1,1,1,0,0,1,1,NA,1,NA,1,1,1,NA,NA,1,0,0,1,0,1,1,0,0,0,NA,1,1,NA,NA,NA,1,0,1,1,1,1,0,NA,1,NA,1,0,1,1,0,0,0,0,0,1,1,1,0,0,1,1,NA,1,0,NA,0,1,1,1,1,NA,1,1,0,1,0,0,NA,NA,1,1,0,1,1,0,1,1,1,0,1,NA,NA,NA,NA,NA,NA,NA,NA,1,1,1,1,NA,1,NA,0,0,NA,NA,NA,NA,NA,NA,0,0,0,1,0,0,1,1,1,0,NA,1,1,0,1,0,0,1,0,0,0,0,0,0,0,0,0,0,0,0,0,0,0,0,1,0,0,0,0,0,0,1,1,0,1,0,1,1,0,1,0,1,1,0,1,1,1,1,1,1,0,1,1,NA,0,1,0,0,1,1,0,1,1,NA,1,NA,NA,0,0,1,1,1,1,0,1,1,1,NA,NA,1,1,1,1,1,0,1,1,1,1,1,1,1,0,1,1,1,0,1,1,0,1,1,1,NA,1,1,1,1,1,0,1,1,0,1,NA,1,1,NA,NA,NA,0,1,0,0,1,1,0,NA,0,1,1,1,NA,NA,NA,NA,NA,NA,NA,NA,NA,NA,NA,0,1,0,1,0,NA,1,0,0,1,1,NA,0,0,0,1,NA,1,0,1,1,0,0,1,1,1,1,1,0,0,0,0,1,0,1,1,NA,1,NA,NA,NA,1,1,0,1,1,1,1,1,1,1,1,1,NA,NA,NA,1,0,NA,1,0,0,1,1,1,1,1,NA,1,NA,1,1,0,1
"WEST (R NY-20)",1,1,0,0,NA,0,1,1,0,0,1,1,0,1,NA,NA,NA,NA,NA,NA,NA,NA,0,1,1,1,0,1,1,0,0,1,0,1,1,0,NA,0,NA,NA,NA,NA,NA,NA,1,0,1,1,0,NA,NA,1,1,0,NA,NA,NA,1,NA,NA,NA,NA,NA,NA,0,1,NA,NA,1,NA,1,NA,NA,NA,NA,NA,NA,0,0,1,1,NA,1,NA,NA,1,0,NA,NA,NA,NA,NA,NA,NA,NA,NA,NA,NA,NA,NA,NA,NA,NA,NA,NA,NA,NA,1,1,NA,NA,1,0,0,0,NA,0,0,0,1,1,NA,0,0,0,1,0,0,1,1,1,0,1,1,1,0,1,NA,0,1,0,0,0,0,0,0,0,NA,0,0,0,NA,NA,NA,0,0,1,0,NA,0,0,0,0,1,1,0,1,0,1,1,0,1,0,1,1,0,1,1,1,1,1,1,0,1,1,0,0,1,NA,NA,NA,NA,NA,NA,1,1,NA,0,0,0,0,1,1,1,NA,0,1,NA,NA,0,1,1,1,1,1,1,0,1,1,1,1,1,1,1,0,1,0,NA,0,NA,NA,NA,NA,NA,NA,0,0,0,0,0,0,0,NA,NA,NA,NA,NA,NA,NA,0,1,1,NA,0,0,0,1,NA,NA,NA,NA,NA,NA,NA,NA,NA,NA,NA,NA,NA,NA,1,1,NA,0,NA,0,1,0,0,0,0,NA,0,1,1,1,0,0,0,1,NA,NA,NA,NA,1,0,0,1,1,1,1,1,0,0,0,0,1,NA,NA,1,1,1,0,1,NA,1,1,0,1,1,1,1,1,1,1,1,1,1,0,0,NA,NA,1,1,1,0,1,1,1,1,1,1,NA,NA,NA,NA,NA,1
"JACOBS (R NY-21)",1,1,0,0,NA,0,1,1,0,0,1,0,0,1,1,1,0,0,1,NA,0,1,0,1,1,1,1,1,1,0,0,1,0,1,1,0,0,0,NA,1,1,1,1,1,1,0,1,1,0,1,1,NA,1,1,1,0,NA,1,0,0,0,0,0,1,0,1,0,0,1,1,1,1,0,0,0,1,NA,NA,NA,1,1,1,1,1,0,NA,0,1,1,1,1,NA,1,0,1,1,1,0,1,0,NA,0,1,0,0,1,1,1,NA,1,1,0,1,0,0,NA,NA,0,0,1,1,0,0,1,0,1,0,0,1,NA,1,0,1,1,1,0,1,0,0,1,0,NA,0,0,0,0,0,0,0,0,0,0,0,0,0,0,1,NA,0,0,0,0,0,1,1,0,1,0,1,1,0,1,0,1,1,0,1,1,1,1,1,1,0,1,NA,NA,NA,NA,NA,NA,NA,NA,NA,NA,NA,NA,NA,1,0,0,0,1,NA,1,1,NA,1,NA,1,0,NA,1,1,1,1,1,0,1,1,1,1,1,1,1,0,1,NA,NA,NA,NA,1,0,1,0,0,0,0,0,NA,0,NA,0,NA,0,0,1,NA,NA,NA,0,1,1,NA,0,0,0,NA,NA,1,0,1,NA,0,1,1,1,1,1,NA,1,0,1,1,NA,0,0,0,1,0,0,0,0,1,0,1,1,1,0,NA,0,NA,0,1,0,1,1,0,0,1,1,1,1,1,0,0,0,0,1,0,1,1,1,1,0,1,1,0,1,0,1,1,1,1,1,1,1,1,1,0,NA,0,1,NA,1,1,1,1,1,NA,1,1,1,1,1,1,1,1,0,1
"MILLER (R NY-22)",NA,NA,NA,NA,NA,NA,NA,NA,NA,NA,NA,NA,NA,NA,NA,NA,NA,NA,NA,NA,NA,NA,NA,NA,NA,NA,NA,NA,NA,NA,NA,NA,NA,NA,NA,NA,NA,NA,NA,NA,NA,NA,NA,NA,NA,NA,NA,NA,NA,NA,NA,NA,NA,NA,NA,NA,NA,NA,NA,NA,NA,NA,NA,NA,NA,NA,NA,NA,NA,NA,NA,NA,NA,NA,NA,NA,NA,NA,NA,NA,NA,NA,NA,NA,NA,NA,NA,NA,NA,NA,NA,NA,NA,NA,NA,NA,NA,NA,NA,NA,NA,NA,NA,NA,NA,NA,NA,NA,NA,NA,NA,NA,NA,NA,NA,NA,NA,NA,NA,NA,NA,NA,NA,NA,NA,NA,NA,NA,NA,NA,NA,NA,NA,NA,NA,NA,NA,NA,NA,NA,NA,NA,NA,NA,NA,NA,NA,NA,NA,NA,NA,NA,NA,NA,NA,NA,NA,NA,NA,NA,NA,NA,NA,NA,NA,NA,NA,NA,NA,NA,NA,NA,NA,NA,NA,NA,NA,NA,NA,NA,NA,NA,NA,NA,NA,NA,NA,NA,NA,NA,NA,NA,NA,NA,NA,NA,NA,NA,NA,NA,NA,NA,NA,NA,NA,NA,NA,NA,NA,NA,NA,NA,NA,NA,NA,NA,NA,NA,NA,NA,NA,NA,NA,NA,NA,NA,NA,NA,NA,NA,NA,NA,NA,NA,NA,NA,NA,NA,NA,NA,NA,NA,NA,NA,NA,NA,NA,NA,NA,NA,NA,NA,NA,NA,NA,NA,NA,NA,NA,NA,NA,NA,NA,NA,NA,NA,NA,NA,NA,NA,NA,NA,NA,NA,NA,NA,NA,NA,NA,NA,NA,NA,NA,NA,NA,NA,NA,NA,NA,NA,NA,NA,NA,NA,NA,NA,NA,NA,NA,NA,NA,NA,NA,NA,NA,NA,NA,NA,NA,NA,NA,NA,NA,NA,NA,NA,NA,NA,NA,NA,NA,NA,NA,NA,NA,NA,NA,NA,NA,NA,NA,NA,NA,NA,NA,NA,NA,NA,NA,NA,NA,NA,NA,NA,NA,NA,NA,NA,NA
"SKINNER (R NY-22)",1,1,0,0,1,1,1,1,1,1,0,1,0,1,1,0,1,1,0,1,0,1,0,1,0,1,0,1,1,0,1,1,0,1,1,NA,0,0,0,0,1,1,0,1,1,0,1,1,1,1,0,1,1,0,1,0,1,1,0,0,0,0,0,1,0,1,0,0,1,1,1,1,0,0,0,1,1,1,1,0,1,NA,0,1,0,1,0,1,1,1,1,1,1,0,1,1,1,0,NA,1,0,0,1,NA,NA,NA,NA,NA,1,1,1,0,1,0,0,0,0,0,0,1,1,0,0,0,0,1,0,0,1,NA,1,0,1,1,1,0,1,0,0,1,0,0,0,0,0,0,0,0,NA,0,0,0,0,0,0,0,1,0,0,0,0,0,0,1,1,0,1,0,1,1,0,1,0,1,0,0,1,1,1,1,1,1,0,1,1,0,1,0,0,0,NA,0,0,1,0,0,1,0,0,NA,NA,NA,NA,NA,NA,NA,NA,NA,NA,NA,NA,NA,NA,NA,NA,NA,NA,NA,NA,NA,NA,NA,NA,NA,NA,NA,0,0,0,NA,1,0,1,0,1,0,0,0,1,1,0,NA,NA,NA,NA,NA,NA,NA,NA,0,1,NA,NA,NA,NA,NA,NA,NA,NA,NA,NA,NA,NA,NA,NA,NA,NA,NA,NA,1,0,1,1,0,0,0,0,1,0,0,0,0,1,0,1,1,1,0,0,0,1,0,1,0,1,1,0,0,1,1,0,1,1,NA,NA,0,0,1,1,1,1,0,1,NA,NA,NA,NA,NA,NA,NA,NA,NA,NA,NA,NA,NA,NA,NA,NA,NA,0,NA,NA,0,0,0,0,1,1,1,1,1,1,1,1,1,1,0,1
"PRESCOTT (R NY-23)",1,1,0,0,1,0,1,0,0,0,NA,NA,NA,NA,NA,NA,0,1,1,1,0,1,NA,NA,0,1,NA,1,1,NA,0,1,0,1,1,0,0,0,0,1,1,NA,0,1,1,0,1,NA,1,NA,1,NA,1,0,1,0,NA,1,0,0,0,0,0,1,NA,NA,NA,NA,NA,NA,NA,NA,NA,NA,NA,NA,NA,NA,NA,NA,1,1,1,1,0,NA,NA,1,1,NA,0,1,1,0,1,1,NA,0,1,0,0,0,1,0,0,1,0,NA,NA,NA,NA,0,1,0,0,0,0,0,0,1,1,0,NA,1,0,1,0,0,1,1,1,0,1,1,1,0,1,0,0,1,0,0,0,0,0,0,0,0,0,0,0,0,0,0,0,0,1,0,0,0,0,0,0,1,1,0,1,0,1,1,0,1,0,1,1,0,1,1,1,1,1,1,0,1,1,0,0,1,0,0,1,0,NA,NA,0,1,0,0,0,0,0,1,0,1,1,0,1,1,0,1,0,1,1,1,1,1,0,1,1,1,1,1,1,1,0,1,1,NA,NA,1,1,1,1,0,0,0,0,0,1,1,0,0,1,0,NA,NA,0,0,0,NA,NA,NA,NA,NA,NA,NA,NA,NA,NA,NA,NA,NA,NA,NA,NA,NA,NA,NA,NA,NA,NA,NA,NA,NA,NA,NA,NA,NA,NA,0,0,0,1,0,1,1,1,1,0,0,1,0,1,NA,1,1,0,NA,1,1,1,1,1,NA,0,0,0,1,1,1,0,0,1,0,1,0,0,0,0,1,1,NA,1,1,1,1,1,1,1,0,0,1,1,1,1,1,0,NA,1,1,1,1,1,NA,1,1,1,0,1
"MASON (R NY-24)",1,1,0,NA,NA,0,1,NA,0,1,1,1,1,NA,1,1,0,0,1,NA,NA,NA,NA,NA,NA,NA,NA,1,1,0,0,1,0,1,1,0,0,0,0,1,1,1,0,1,1,NA,1,1,0,1,1,1,1,0,1,0,1,1,0,0,0,0,0,1,NA,NA,NA,NA,NA,NA,NA,NA,NA,NA,NA,NA,NA,NA,NA,1,1,1,1,1,0,NA,NA,1,1,NA,NA,1,1,0,1,1,1,NA,NA,1,0,NA,NA,0,0,1,NA,1,1,1,1,0,NA,NA,NA,NA,0,0,0,1,1,0,NA,0,0,1,0,0,1,NA,NA,NA,NA,NA,NA,NA,NA,NA,NA,NA,NA,NA,NA,NA,NA,NA,NA,NA,NA,NA,NA,NA,NA,NA,NA,NA,NA,NA,NA,NA,NA,NA,NA,NA,NA,NA,1,NA,1,1,0,1,NA,NA,NA,0,1,1,1,1,1,1,0,1,NA,NA,NA,NA,0,0,1,NA,NA,NA,NA,NA,NA,NA,NA,NA,NA,NA,1,1,1,0,1,NA,NA,0,1,1,1,1,1,1,0,1,1,1,1,NA,1,1,0,1,NA,NA,NA,NA,NA,NA,NA,NA,NA,NA,NA,NA,NA,NA,NA,NA,NA,NA,NA,NA,NA,NA,NA,NA,NA,NA,NA,NA,NA,NA,NA,NA,NA,NA,NA,NA,NA,NA,NA,NA,NA,NA,NA,NA,NA,NA,NA,NA,NA,NA,NA,NA,NA,NA,NA,NA,NA,NA,NA,NA,NA,NA,NA,NA,NA,NA,NA,NA,NA,NA,NA,NA,0,NA,NA,NA,NA,NA,NA,NA,NA,NA,NA,NA,NA,NA,NA,NA,NA,NA,1,1,0,1,1,1,1,NA,1,1,1,1,NA,1,1,1,NA,1,1,NA,0,1,1,1,1,1,NA,NA,NA,NA,NA,NA,NA
"HISCOCK (R NY-25)",1,1,0,0,1,0,1,1,0,0,1,0,1,1,1,1,0,0,1,1,NA,NA,0,1,1,1,0,1,1,0,0,1,0,1,1,NA,0,0,0,1,1,1,0,1,1,0,1,1,NA,1,NA,1,1,0,1,0,1,1,0,0,0,0,0,1,1,1,0,0,1,1,1,1,1,0,0,1,0,1,1,0,1,1,1,1,0,NA,NA,NA,NA,NA,NA,NA,NA,NA,NA,NA,1,NA,1,NA,0,0,1,0,0,1,1,1,1,1,1,0,0,NA,0,0,0,0,0,1,1,0,0,1,0,1,0,0,1,1,1,NA,NA,NA,NA,NA,NA,0,0,1,0,0,0,0,0,0,0,0,0,0,NA,0,0,0,NA,0,1,NA,0,0,0,0,0,1,1,0,1,0,1,1,0,1,0,1,0,0,1,1,1,1,1,1,0,1,1,0,0,0,0,0,1,NA,NA,1,1,1,0,NA,0,0,0,1,NA,1,1,0,1,1,1,0,1,NA,1,1,1,1,0,1,1,1,1,1,1,1,NA,1,NA,NA,NA,1,1,NA,NA,0,0,1,0,0,1,0,1,0,1,0,0,NA,NA,NA,1,0,1,1,0,1,0,0,1,1,0,1,1,NA,0,1,1,1,NA,1,0,1,0,1,1,0,NA,NA,0,1,0,NA,NA,NA,NA,NA,1,1,NA,0,0,0,1,NA,NA,0,1,1,0,0,1,1,1,1,1,0,NA,NA,NA,NA,0,1,1,NA,1,1,1,1,1,1,0,1,1,1,1,1,1,1,1,1,0,0,0,1,0,1,1,0,NA,1,NA,NA,NA,NA,NA,NA,NA,1,NA,0,1
"CAMP (R NY-26)",1,1,0,NA,NA,NA,NA,1,0,0,1,0,0,1,1,1,1,1,NA,1,1,NA,0,1,1,1,0,NA,1,NA,NA,NA,NA,NA,NA,NA,NA,NA,NA,NA,NA,1,NA,1,1,1,1,1,1,1,NA,1,1,0,1,0,1,1,0,0,0,0,0,1,1,1,0,0,1,1,1,1,0,0,0,1,0,1,1,0,1,1,1,1,NA,NA,0,1,1,NA,0,NA,1,0,1,1,1,1,NA,NA,NA,0,1,0,0,1,1,1,1,NA,NA,NA,NA,NA,NA,NA,NA,NA,NA,NA,NA,NA,NA,NA,NA,NA,NA,NA,NA,NA,NA,NA,NA,NA,NA,NA,NA,NA,NA,NA,NA,NA,0,0,0,0,0,0,0,0,0,0,0,0,0,0,1,0,0,0,0,0,0,1,1,0,1,0,1,1,0,1,0,1,0,0,1,1,1,1,1,1,0,1,NA,NA,NA,NA,NA,NA,NA,NA,NA,NA,NA,NA,NA,1,0,0,0,1,NA,NA,NA,NA,NA,NA,NA,NA,NA,NA,1,1,1,1,0,1,1,1,1,1,1,1,NA,1,1,NA,NA,NA,NA,NA,NA,NA,NA,NA,NA,NA,NA,NA,NA,NA,NA,NA,NA,NA,NA,NA,NA,NA,NA,NA,NA,NA,NA,NA,NA,NA,NA,NA,NA,NA,NA,NA,NA,NA,NA,NA,NA,NA,NA,NA,NA,NA,NA,0,NA,NA,0,0,0,0,NA,NA,NA,NA,NA,NA,NA,1,NA,NA,NA,NA,NA,NA,NA,NA,1,1,0,1,1,NA,0,NA,NA,NA,NA,NA,NA,NA,NA,NA,NA,NA,NA,NA,NA,NA,NA,NA,NA,NA,NA,NA,NA,NA,0,0,NA,1,1,0,1,NA,NA,1,NA,NA,NA,NA,NA,NA,NA,NA,NA,NA,NA
"LAPHAM (R NY-27)",NA,NA,NA,NA,NA,NA,NA,NA,NA,NA,NA,NA,NA,NA,NA,NA,NA,NA,NA,NA,NA,NA,NA,NA,NA,NA,NA,NA,NA,NA,NA,NA,NA,NA,NA,NA,NA,NA,NA,NA,NA,NA,NA,NA,NA,NA,NA,NA,NA,NA,NA,NA,NA,NA,NA,NA,NA,NA,NA,NA,NA,NA,NA,NA,NA,NA,NA,NA,NA,NA,NA,NA,NA,NA,NA,NA,NA,NA,NA,NA,NA,NA,NA,NA,NA,NA,NA,NA,NA,NA,NA,NA,NA,NA,NA,NA,NA,NA,NA,NA,NA,NA,NA,NA,NA,NA,NA,NA,NA,NA,NA,NA,NA,NA,NA,NA,NA,NA,NA,NA,NA,NA,NA,NA,NA,NA,NA,NA,NA,NA,NA,NA,NA,NA,NA,NA,NA,NA,NA,NA,NA,NA,NA,NA,NA,NA,NA,NA,NA,NA,NA,NA,NA,NA,NA,NA,NA,NA,NA,NA,NA,NA,NA,NA,NA,NA,NA,NA,NA,NA,NA,NA,NA,NA,NA,NA,NA,NA,NA,NA,NA,NA,NA,NA,NA,NA,NA,NA,NA,NA,NA,NA,NA,NA,NA,NA,NA,NA,NA,NA,NA,NA,NA,NA,NA,NA,NA,NA,NA,NA,NA,NA,NA,NA,NA,NA,NA,NA,NA,NA,NA,NA,NA,NA,NA,NA,NA,NA,NA,NA,NA,NA,NA,NA,NA,NA,NA,NA,NA,NA,NA,NA,NA,NA,NA,NA,NA,NA,NA,NA,NA,NA,NA,NA,NA,NA,NA,NA,NA,NA,NA,NA,NA,NA,NA,NA,NA,NA,NA,NA,NA,NA,NA,NA,NA,NA,NA,NA,NA,NA,NA,NA,NA,NA,NA,NA,NA,NA,NA,NA,NA,NA,NA,NA,NA,NA,NA,NA,NA,NA,NA,NA,NA,NA,NA,NA,NA,NA,NA,NA,NA,NA,NA,NA,NA,NA,NA,NA,NA,NA,NA,NA,NA,NA,NA,NA,NA,NA,NA,NA,NA,NA,NA,NA,NA,NA,NA,NA,NA,NA,NA,NA,NA,NA,NA,NA,NA,NA,NA
"WADSWORTH (R NY-27)",1,1,0,NA,NA,0,0,NA,1,1,0,1,NA,NA,1,1,0,NA,NA,NA,0,1,0,1,1,NA,0,1,1,NA,0,1,0,1,1,0,0,NA,0,NA,NA,NA,NA,NA,NA,NA,NA,1,1,1,NA,1,1,0,1,NA,1,1,0,0,NA,0,0,NA,1,NA,NA,NA,NA,NA,NA,1,0,NA,NA,NA,NA,1,1,0,1,1,0,1,0,NA,NA,NA,NA,0,0,1,1,NA,NA,NA,NA,NA,NA,NA,NA,0,1,NA,NA,1,1,1,1,1,1,1,NA,0,0,NA,0,0,0,0,0,NA,NA,NA,NA,NA,NA,NA,NA,NA,NA,NA,NA,NA,NA,NA,NA,0,0,1,0,0,NA,0,0,0,NA,NA,0,0,NA,NA,NA,0,0,0,1,0,NA,0,0,0,0,1,NA,0,1,0,1,1,0,1,0,1,NA,0,1,1,1,1,1,1,0,1,1,0,0,NA,0,0,1,1,NA,NA,0,NA,1,0,0,NA,0,1,0,1,1,0,1,NA,1,0,1,NA,1,1,1,1,0,1,1,1,1,1,1,1,0,1,NA,0,NA,1,1,0,NA,0,1,0,0,0,1,0,1,NA,NA,NA,NA,NA,NA,NA,NA,0,1,1,0,0,1,0,1,1,0,1,0,1,1,1,NA,NA,NA,NA,NA,1,0,1,1,0,0,0,1,0,1,0,0,1,0,NA,1,1,NA,0,0,0,1,0,NA,0,1,1,0,0,1,1,1,1,1,NA,0,0,0,1,1,1,1,1,1,0,1,1,1,1,0,1,1,1,NA,NA,NA,NA,NA,NA,1,0,0,1,1,0,NA,0,0,1,NA,NA,1,1,NA,NA,NA,1,0,0,1
"DWIGHT (R NY-28)",1,1,0,0,NA,0,0,NA,0,0,1,0,1,1,1,1,0,0,NA,1,0,1,NA,NA,NA,1,NA,NA,NA,NA,NA,NA,NA,NA,NA,NA,NA,NA,NA,NA,NA,NA,NA,NA,1,1,1,1,1,NA,0,1,1,0,1,0,1,1,0,0,0,0,0,1,1,1,0,0,1,NA,1,1,0,0,0,NA,NA,NA,NA,NA,1,1,0,1,0,1,0,1,NA,1,NA,1,1,0,1,1,1,1,NA,0,0,0,1,0,0,1,1,1,NA,1,NA,0,1,0,0,1,0,0,0,1,1,0,0,0,0,1,0,0,1,1,1,0,1,1,1,0,1,0,0,1,0,0,0,0,0,0,0,0,0,0,0,0,0,0,0,0,1,0,0,0,0,0,0,1,1,0,1,0,1,1,0,1,0,1,1,0,1,1,1,1,1,1,NA,1,1,0,1,0,0,0,1,1,0,1,0,1,1,0,0,0,NA,NA,0,1,0,0,1,1,NA,0,1,1,1,1,1,1,0,1,1,1,1,1,1,1,0,1,0,1,0,NA,1,NA,NA,NA,NA,0,0,0,NA,NA,NA,NA,NA,NA,NA,NA,NA,NA,NA,0,1,1,0,0,0,0,1,1,NA,NA,NA,NA,NA,1,1,1,1,NA,NA,NA,NA,NA,1,0,1,0,1,0,1,NA,NA,NA,0,0,NA,NA,1,0,0,0,1,0,1,NA,1,NA,0,NA,1,1,1,1,1,0,0,0,NA,NA,NA,NA,1,0,1,NA,1,1,1,1,0,NA,NA,NA,NA,NA,1,1,1,NA,0,0,0,1,0,1,1,0,0,1,1,1,1,1,1,NA,NA,NA,NA,0,1
"RICHARDSON (R NY-29)",1,1,0,0,NA,0,1,0,NA,0,1,1,NA,NA,1,NA,NA,NA,NA,NA,NA,NA,0,1,0,1,NA,1,1,0,NA,1,0,1,NA,0,0,0,0,NA,1,NA,NA,NA,1,0,1,1,1,NA,1,1,1,0,1,0,1,1,NA,NA,NA,0,0,1,NA,NA,NA,NA,NA,NA,NA,NA,0,0,0,1,NA,0,1,0,NA,NA,NA,1,0,1,0,1,1,NA,NA,NA,NA,0,1,1,1,0,1,0,0,NA,NA,NA,NA,1,NA,1,1,1,NA,NA,NA,NA,NA,NA,NA,NA,NA,NA,NA,NA,NA,1,0,1,0,0,1,1,1,NA,NA,NA,1,0,1,0,0,1,0,0,0,0,0,0,0,0,0,0,0,0,0,0,0,0,1,0,0,0,0,0,0,1,1,0,1,0,1,1,0,1,0,1,1,0,1,1,1,1,1,1,0,1,1,0,0,1,NA,NA,1,NA,NA,NA,1,1,NA,0,0,0,0,1,NA,NA,NA,NA,NA,NA,NA,NA,NA,NA,NA,NA,NA,NA,NA,NA,NA,NA,NA,1,1,1,0,1,0,NA,0,1,1,0,NA,NA,NA,0,1,1,1,NA,NA,NA,1,1,NA,NA,NA,NA,NA,0,NA,NA,NA,NA,NA,NA,NA,NA,1,1,0,1,1,NA,NA,NA,NA,NA,NA,1,0,1,NA,NA,NA,0,NA,NA,NA,NA,NA,NA,NA,NA,NA,NA,NA,NA,NA,NA,NA,0,NA,0,1,1,0,NA,1,1,1,1,1,NA,NA,0,NA,1,NA,NA,1,0,1,NA,1,0,0,1,0,1,NA,1,1,1,1,1,1,1,1,1,0,1,1,1,1,NA,0,1,0,0,0,NA,1,NA,1,NA,NA,NA,NA
"VANVOORHIS (R NY-30)",1,1,0,0,NA,0,1,1,0,NA,1,1,1,1,1,1,1,1,0,1,0,1,0,1,NA,1,NA,NA,NA,NA,NA,NA,NA,NA,NA,NA,NA,NA,NA,NA,NA,NA,NA,NA,NA,NA,NA,1,NA,NA,NA,1,NA,NA,1,NA,1,1,0,0,NA,0,0,1,1,1,0,0,1,1,NA,NA,NA,NA,0,1,1,NA,NA,NA,1,1,0,1,NA,1,0,NA,1,NA,NA,NA,1,NA,NA,NA,NA,0,1,1,NA,0,1,1,0,NA,NA,1,1,1,NA,0,1,NA,NA,NA,0,0,0,1,1,0,NA,NA,NA,NA,NA,NA,NA,NA,1,0,1,1,1,0,1,0,0,1,0,0,NA,0,0,0,0,0,0,0,0,0,NA,0,0,0,1,0,NA,0,0,0,0,1,NA,0,1,0,1,1,0,1,0,1,0,0,1,1,1,1,1,1,NA,1,NA,NA,NA,NA,NA,NA,NA,1,0,NA,NA,1,1,1,0,0,0,1,NA,NA,NA,NA,NA,NA,1,NA,NA,1,1,1,1,1,0,1,1,1,1,1,1,1,0,1,NA,NA,0,1,1,0,1,0,NA,1,0,0,1,0,NA,NA,NA,NA,NA,NA,1,1,1,NA,1,NA,NA,NA,NA,NA,NA,NA,1,NA,1,1,1,1,NA,NA,NA,NA,NA,NA,NA,NA,1,NA,1,NA,NA,NA,NA,NA,NA,0,1,0,NA,NA,1,0,0,NA,NA,NA,NA,NA,NA,NA,NA,0,1,NA,1,1,1,0,NA,NA,NA,1,1,1,1,1,1,NA,NA,NA,1,1,0,1,1,1,1,1,NA,1,1,1,0,0,0,1,1,1,NA,NA,NA,1,1,1,1,1,NA,1,1,NA,1,1,NA
"CROWLEY (R NY-31)",1,1,0,0,NA,0,0,0,NA,NA,NA,NA,NA,NA,1,NA,0,0,NA,NA,NA,NA,NA,NA,NA,NA,NA,1,NA,NA,NA,1,NA,NA,NA,0,0,0,1,NA,NA,NA,NA,NA,NA,NA,NA,NA,NA,NA,NA,NA,1,0,1,NA,NA,NA,NA,NA,NA,NA,NA,NA,NA,NA,NA,NA,NA,NA,NA,NA,NA,0,0,NA,1,NA,NA,0,NA,NA,NA,1,NA,NA,NA,NA,NA,NA,NA,NA,NA,NA,NA,NA,NA,NA,NA,NA,NA,NA,NA,NA,NA,NA,NA,NA,NA,NA,NA,NA,0,NA,NA,NA,NA,NA,NA,NA,NA,NA,NA,NA,NA,NA,NA,NA,NA,NA,NA,NA,NA,1,1,0,1,0,0,1,0,0,0,NA,0,0,0,0,0,0,0,NA,0,NA,0,0,1,0,0,0,0,0,0,1,1,0,1,0,1,1,0,1,0,1,0,0,1,1,1,1,1,NA,0,NA,1,0,NA,NA,NA,NA,NA,NA,NA,NA,NA,NA,NA,NA,NA,NA,NA,NA,NA,NA,NA,0,NA,NA,NA,NA,NA,1,NA,1,1,1,0,1,1,1,1,1,1,1,0,1,1,NA,NA,NA,1,NA,1,NA,NA,1,1,NA,NA,0,NA,NA,NA,NA,NA,NA,NA,NA,NA,1,NA,NA,0,0,0,0,1,NA,1,1,0,NA,1,NA,NA,1,NA,NA,NA,NA,NA,NA,NA,0,NA,NA,NA,NA,NA,NA,NA,NA,1,0,NA,NA,NA,NA,NA,NA,1,NA,NA,NA,NA,NA,NA,NA,1,1,NA,NA,NA,NA,NA,NA,NA,NA,NA,NA,NA,NA,1,NA,NA,NA,NA,NA,NA,NA,NA,NA,NA,NA,NA,NA,NA,NA,NA,NA,NA,1,1,NA,NA,1,NA,1,NA,NA,NA,NA,NA,NA,NA,NA,NA,NA,1
"SCOVILLE (D NY-32)",1,1,1,1,NA,1,0,1,0,0,NA,0,0,0,1,0,0,NA,NA,NA,NA,NA,NA,NA,NA,1,0,1,0,1,NA,0,1,NA,NA,NA,NA,NA,NA,NA,NA,NA,NA,NA,NA,1,1,1,0,NA,NA,NA,1,1,0,NA,NA,NA,NA,NA,NA,NA,NA,1,NA,NA,NA,NA,NA,NA,NA,0,1,NA,NA,NA,NA,NA,NA,NA,1,0,NA,0,1,0,1,0,NA,0,1,NA,1,1,NA,NA,1,0,1,1,1,0,1,1,0,NA,NA,1,1,1,NA,NA,1,NA,0,NA,0,0,0,0,0,1,NA,0,NA,1,NA,NA,NA,NA,NA,NA,NA,NA,NA,NA,NA,NA,NA,NA,NA,NA,NA,NA,NA,NA,NA,NA,NA,NA,NA,1,NA,NA,NA,NA,NA,NA,NA,NA,NA,NA,NA,NA,NA,NA,NA,NA,NA,NA,NA,NA,1,NA,NA,NA,NA,NA,NA,NA,NA,NA,NA,NA,1,0,0,0,0,1,1,NA,NA,NA,NA,NA,NA,1,NA,1,0,1,NA,1,NA,NA,NA,NA,1,1,1,0,NA,NA,NA,NA,NA,NA,NA,NA,NA,NA,NA,NA,NA,NA,NA,NA,NA,NA,NA,NA,NA,0,1,NA,0,0,NA,NA,1,NA,NA,NA,NA,NA,NA,NA,NA,NA,1,1,1,0,1,1,1,1,0,1,0,1,1,1,NA,NA,NA,NA,NA,1,0,1,1,NA,NA,1,1,0,1,0,NA,1,0,NA,NA,NA,1,0,0,1,1,1,NA,NA,NA,NA,NA,NA,0,0,1,0,0,1,1,1,NA,NA,1,1,1,NA,1,NA,NA,NA,0,0,1,0,NA,NA,NA,NA,NA,0,0,0,NA,NA,0,0,NA,0,NA,NA,1,1,0,NA,NA,NA,0,NA,NA,NA,NA,NA,NA
"VANAERNAM (R NY-33)",1,1,0,0,1,1,1,1,0,0,0,0,0,1,1,1,1,1,1,1,0,1,NA,1,1,1,1,1,NA,0,0,1,0,1,1,0,0,0,0,1,1,NA,NA,NA,1,0,1,1,1,1,0,NA,NA,NA,1,0,1,1,0,0,0,0,0,1,NA,NA,NA,NA,NA,NA,NA,NA,NA,NA,NA,NA,NA,NA,NA,NA,1,1,0,1,0,0,1,1,1,1,NA,1,1,0,1,1,1,0,1,NA,0,0,NA,0,0,1,1,1,1,1,1,1,1,1,0,0,0,0,0,1,1,0,0,0,0,1,0,0,1,1,1,NA,NA,NA,NA,NA,NA,NA,NA,NA,NA,NA,NA,0,0,0,0,0,0,0,0,0,0,0,NA,0,1,0,0,0,0,0,0,1,1,0,1,0,1,1,0,1,0,1,1,NA,1,1,1,1,1,1,NA,1,1,0,0,1,0,NA,NA,0,NA,NA,NA,NA,0,1,0,0,0,1,NA,NA,NA,NA,1,1,1,0,1,1,1,1,1,1,0,1,1,1,1,1,1,1,0,1,0,NA,0,1,1,0,1,1,0,NA,1,1,NA,1,NA,0,1,1,0,1,NA,NA,NA,NA,NA,1,0,0,0,0,1,1,0,0,NA,1,1,1,1,1,NA,NA,NA,1,0,1,1,0,1,0,0,1,0,0,0,0,1,0,1,NA,1,0,0,0,1,0,NA,NA,NA,NA,0,0,1,1,1,1,1,NA,NA,0,0,1,0,1,1,0,1,NA,NA,0,1,1,0,1,1,1,1,1,1,1,1,1,0,NA,NA,1,NA,1,1,1,1,1,NA,1,1,NA,1,1,NA,NA,1,0,1
"LATHAM (D NC-1)",1,1,1,1,NA,1,0,0,0,1,1,1,1,0,1,0,1,1,1,1,1,0,1,0,1,1,1,0,0,1,1,0,0,NA,0,1,1,1,NA,NA,NA,0,1,0,0,1,1,NA,NA,NA,NA,0,0,1,0,NA,1,NA,NA,NA,NA,NA,NA,NA,NA,NA,NA,NA,NA,NA,NA,NA,NA,NA,NA,0,1,1,1,NA,0,0,1,0,1,0,1,0,0,0,1,0,1,1,NA,0,0,1,1,NA,NA,1,0,1,0,1,1,0,NA,NA,NA,NA,NA,NA,NA,NA,NA,NA,NA,NA,NA,NA,NA,NA,NA,NA,NA,NA,NA,NA,NA,NA,NA,NA,NA,NA,NA,NA,NA,NA,NA,NA,NA,NA,NA,NA,NA,NA,NA,NA,NA,NA,NA,NA,NA,NA,NA,NA,NA,NA,NA,NA,NA,NA,NA,NA,NA,NA,NA,NA,NA,NA,1,NA,NA,1,NA,NA,0,NA,NA,NA,1,NA,0,1,1,NA,1,1,0,1,NA,NA,NA,0,NA,NA,1,1,1,0,0,NA,0,1,0,0,0,1,0,0,NA,NA,NA,NA,NA,NA,NA,NA,NA,NA,NA,NA,NA,NA,0,1,1,0,0,1,0,NA,NA,NA,1,1,NA,NA,NA,NA,0,1,1,0,0,0,1,1,1,1,1,1,1,NA,1,NA,0,1,1,1,0,1,NA,NA,0,NA,NA,NA,NA,NA,1,1,NA,1,1,0,1,1,1,1,1,1,1,1,0,1,1,1,NA,NA,NA,NA,NA,NA,NA,NA,0,1,0,0,0,1,1,1,1,0,1,NA,0,0,1,NA,NA,NA,NA,NA,NA,NA,NA,NA,NA,NA,NA,NA,NA,NA,0,0,NA,0,0,NA,NA,0,1,0,0,NA,NA,NA,1,NA,NA,NA,NA,NA,NA
"HUBBS (R NC-2)",1,1,0,NA,NA,NA,NA,1,0,0,1,0,0,1,1,1,0,0,1,NA,0,1,NA,1,1,1,1,1,1,0,0,1,0,1,1,0,0,0,NA,0,1,NA,NA,NA,NA,NA,1,1,1,1,1,1,NA,0,1,NA,1,1,0,0,0,NA,0,1,NA,NA,0,NA,1,NA,NA,0,1,1,NA,1,1,0,1,0,1,1,1,NA,0,0,1,NA,1,NA,NA,1,1,0,1,1,1,0,1,1,0,0,1,NA,NA,NA,NA,NA,NA,NA,NA,NA,NA,NA,NA,NA,NA,NA,NA,NA,NA,NA,NA,NA,NA,NA,NA,NA,NA,NA,NA,NA,1,1,1,0,1,0,0,1,0,0,0,0,0,0,0,0,0,0,0,NA,NA,0,0,0,1,0,0,0,0,0,0,1,1,0,1,0,1,1,0,1,0,1,1,0,1,1,1,1,1,1,0,1,1,0,0,1,NA,NA,NA,NA,NA,NA,NA,NA,NA,1,0,0,0,1,1,1,1,0,1,NA,NA,NA,NA,NA,1,1,1,1,0,1,1,1,1,1,1,1,NA,1,NA,NA,NA,NA,NA,NA,NA,NA,NA,NA,NA,NA,NA,NA,NA,NA,NA,NA,NA,NA,NA,NA,NA,1,1,1,0,0,0,0,1,1,0,1,NA,1,NA,1,1,NA,NA,1,0,1,0,0,1,0,0,0,0,1,0,0,0,1,1,0,1,NA,1,1,0,0,NA,NA,NA,NA,NA,NA,NA,NA,1,NA,1,1,1,NA,0,NA,NA,NA,0,1,1,1,1,1,1,0,1,1,0,1,1,1,1,1,1,1,1,1,NA,1,1,NA,1,1,1,1,0,1,1,1,1,1,1,1,1,1,1,0,1
"SHACKELFORD (D NC-3)",1,1,1,1,0,1,0,0,0,NA,NA,NA,0,0,1,NA,1,1,0,1,1,0,1,NA,NA,NA,NA,1,0,NA,1,0,1,NA,0,1,1,1,1,NA,0,NA,NA,NA,0,1,1,1,0,NA,NA,NA,NA,1,0,1,1,0,1,1,NA,1,1,0,0,0,NA,NA,NA,0,0,NA,NA,NA,NA,NA,NA,NA,NA,NA,0,0,1,0,1,0,1,0,0,0,1,0,NA,1,0,0,NA,NA,NA,1,1,1,0,NA,NA,NA,NA,0,NA,NA,NA,0,1,0,1,1,1,1,1,0,0,NA,1,0,1,0,1,1,0,NA,NA,1,NA,NA,NA,1,NA,NA,NA,NA,NA,NA,NA,NA,NA,NA,NA,NA,NA,NA,NA,NA,NA,NA,NA,NA,NA,NA,NA,NA,NA,NA,NA,NA,NA,NA,NA,NA,NA,NA,NA,NA,NA,NA,NA,NA,NA,NA,NA,NA,NA,NA,NA,NA,NA,NA,NA,NA,NA,NA,NA,NA,NA,NA,NA,NA,NA,NA,NA,NA,1,1,NA,NA,NA,NA,NA,NA,NA,NA,NA,NA,NA,NA,NA,NA,NA,NA,NA,NA,NA,NA,NA,NA,NA,NA,NA,NA,NA,NA,NA,NA,NA,NA,NA,NA,NA,NA,NA,NA,NA,NA,NA,NA,NA,NA,NA,NA,NA,NA,NA,NA,NA,NA,NA,NA,NA,NA,NA,NA,NA,NA,NA,NA,NA,NA,NA,NA,NA,NA,NA,NA,NA,NA,NA,NA,NA,NA,NA,NA,NA,NA,NA,NA,NA,NA,NA,NA,NA,NA,NA,NA,NA,NA,NA,NA,NA,NA,NA,NA,NA,NA,NA,NA,NA,NA,NA,NA,NA,NA,NA,NA,NA,NA,NA,NA,NA,NA,NA,NA,NA,NA,NA,NA,NA,NA,NA,NA,NA,NA,NA,NA,NA,NA,NA,NA,NA,NA,NA,NA,NA,NA,NA,NA,NA,NA,NA,NA,NA
"COX (D NC-4)",1,1,1,1,0,1,0,0,0,0,1,1,1,0,1,0,1,1,0,NA,1,0,1,NA,0,NA,0,1,0,0,1,0,1,NA,0,1,1,1,1,0,0,NA,NA,NA,0,1,0,1,1,1,0,0,0,1,0,1,1,0,1,1,1,1,0,0,0,0,NA,1,NA,0,NA,0,1,1,1,1,0,1,0,1,NA,NA,NA,NA,NA,0,1,0,0,0,1,0,NA,1,NA,0,1,1,0,0,1,1,0,1,1,1,0,0,0,NA,NA,0,1,0,0,1,1,1,1,0,0,1,NA,NA,NA,NA,NA,NA,NA,NA,NA,1,NA,NA,NA,1,NA,NA,NA,NA,NA,NA,NA,NA,NA,NA,NA,NA,NA,NA,NA,NA,NA,NA,NA,NA,NA,NA,NA,NA,NA,NA,NA,NA,NA,NA,NA,NA,NA,NA,NA,NA,1,NA,NA,1,NA,NA,0,NA,NA,NA,1,NA,NA,1,1,0,1,1,0,1,1,0,0,0,0,NA,NA,NA,NA,0,0,0,0,NA,NA,0,0,1,NA,0,NA,NA,NA,NA,NA,NA,NA,NA,NA,NA,NA,NA,1,NA,NA,1,1,0,0,1,0,0,1,0,NA,NA,0,1,1,1,0,NA,NA,0,0,0,NA,0,1,1,1,1,1,1,1,1,0,0,1,1,NA,1,0,1,0,0,1,1,1,1,0,1,1,1,1,0,1,1,1,1,1,1,1,1,0,1,1,1,NA,NA,0,1,0,0,1,1,0,1,0,0,0,1,1,1,1,0,1,0,0,1,1,0,0,0,0,0,1,0,0,0,0,NA,NA,0,NA,0,0,0,0,0,0,0,0,0,1,0,0,NA,NA,NA,1,NA,NA,NA,NA,NA,NA
"SCALES (D NC-5)",NA,NA,NA,0,NA,1,0,0,1,1,0,1,1,0,1,0,1,1,NA,1,1,0,1,0,1,1,1,0,0,1,1,0,1,NA,0,1,1,1,1,0,1,0,1,0,NA,NA,NA,1,0,0,1,0,1,1,0,1,1,0,1,NA,1,1,0,1,NA,NA,NA,NA,NA,NA,NA,NA,NA,NA,NA,NA,NA,NA,NA,NA,NA,NA,NA,NA,NA,NA,NA,NA,0,0,NA,0,0,1,0,0,0,0,1,1,1,1,0,1,1,0,NA,0,NA,NA,NA,0,1,0,0,1,1,1,1,0,0,1,NA,NA,NA,NA,NA,NA,0,NA,NA,NA,NA,NA,NA,NA,NA,NA,NA,NA,NA,NA,NA,NA,NA,NA,NA,NA,NA,NA,NA,NA,NA,NA,NA,NA,NA,NA,NA,NA,NA,NA,NA,NA,NA,NA,NA,NA,NA,NA,NA,NA,1,NA,NA,1,NA,NA,0,NA,NA,NA,1,NA,0,1,1,0,NA,1,0,1,NA,NA,0,0,0,1,1,1,1,0,NA,NA,0,1,0,0,0,1,0,0,NA,NA,NA,NA,NA,NA,NA,NA,NA,NA,NA,NA,1,NA,0,1,1,NA,NA,NA,NA,NA,NA,NA,0,0,0,1,1,1,0,0,1,0,0,0,1,1,0,1,1,1,1,1,1,1,0,1,1,1,1,1,1,1,NA,NA,NA,NA,NA,NA,1,1,1,NA,NA,NA,NA,NA,NA,NA,NA,NA,NA,NA,NA,NA,NA,NA,1,NA,1,1,0,0,1,1,0,0,0,0,0,NA,1,1,1,0,1,0,0,0,1,0,1,NA,0,0,1,0,0,0,0,NA,NA,0,0,0,0,0,0,0,0,0,0,0,1,0,0,NA,NA,NA,NA,NA,NA,NA,NA,NA,NA
"DOWD (D NC-6)",1,1,1,1,0,0,0,0,0,0,1,1,0,0,1,0,NA,NA,NA,0,1,0,0,0,0,1,1,1,0,1,1,0,1,NA,NA,0,0,0,1,NA,0,1,1,0,0,1,1,1,0,1,0,0,1,1,0,1,1,NA,NA,NA,NA,NA,NA,NA,1,1,1,1,NA,0,1,0,1,1,1,0,1,1,1,1,1,0,1,0,1,NA,1,0,1,0,1,0,0,1,0,0,1,1,1,1,1,1,0,1,1,1,NA,0,1,NA,NA,0,0,NA,0,1,0,NA,0,0,0,0,NA,NA,NA,NA,NA,NA,NA,NA,NA,NA,NA,NA,NA,NA,NA,NA,NA,NA,NA,NA,NA,NA,NA,NA,NA,NA,NA,NA,NA,1,NA,NA,NA,NA,NA,NA,NA,NA,NA,NA,NA,NA,NA,NA,NA,NA,NA,NA,NA,NA,NA,NA,NA,1,NA,NA,0,NA,NA,NA,1,NA,0,1,1,0,NA,NA,NA,NA,NA,NA,NA,0,1,1,1,1,1,1,0,NA,0,NA,0,0,0,1,0,0,NA,NA,NA,NA,NA,NA,NA,NA,NA,NA,NA,NA,1,NA,0,1,1,0,NA,1,0,NA,NA,0,1,1,1,NA,NA,1,NA,NA,NA,NA,NA,NA,1,1,0,1,1,NA,NA,0,1,1,NA,1,0,1,1,NA,1,0,NA,0,1,1,1,NA,1,1,1,1,1,0,1,1,1,1,0,1,1,1,0,1,1,1,NA,1,1,1,0,0,1,1,0,1,0,0,0,1,1,1,NA,0,1,0,0,1,1,0,0,0,0,0,1,0,0,0,0,NA,NA,0,0,0,1,0,NA,NA,NA,0,0,0,1,0,0,NA,NA,NA,0,NA,NA,NA,NA,NA,NA
"ARMFIELD (D NC-7)",1,1,1,1,0,1,0,0,1,1,0,1,1,0,1,0,1,1,0,1,1,0,1,0,1,NA,NA,1,NA,NA,NA,0,1,NA,0,1,1,1,1,NA,1,NA,NA,NA,NA,1,1,1,0,1,0,0,1,1,0,1,1,0,1,1,1,1,NA,0,0,1,1,1,NA,0,0,0,1,1,0,0,1,1,1,1,0,0,1,0,1,1,1,0,0,0,1,0,NA,1,NA,NA,NA,NA,NA,1,1,1,0,1,1,0,1,NA,NA,NA,NA,0,1,NA,0,1,1,1,1,0,0,1,NA,NA,NA,NA,NA,NA,NA,NA,NA,NA,NA,NA,NA,NA,NA,NA,NA,NA,NA,NA,NA,NA,NA,NA,NA,NA,NA,NA,NA,NA,NA,NA,NA,NA,NA,NA,NA,NA,NA,NA,NA,NA,NA,NA,NA,NA,NA,NA,NA,NA,1,NA,NA,1,NA,NA,0,NA,NA,NA,1,NA,NA,1,1,0,1,1,0,1,NA,0,NA,0,0,1,1,1,1,0,0,NA,0,1,0,0,0,1,0,0,NA,NA,NA,NA,NA,NA,NA,NA,NA,NA,NA,NA,NA,NA,0,1,1,0,0,1,NA,0,0,0,0,0,NA,0,1,1,0,NA,1,0,0,0,1,1,NA,NA,0,1,1,1,1,1,0,1,0,1,1,1,NA,NA,NA,NA,NA,NA,NA,NA,1,1,1,1,1,0,1,1,1,1,1,1,NA,1,0,1,1,1,0,1,NA,NA,NA,0,1,1,0,1,0,0,0,NA,1,1,1,0,NA,NA,0,1,1,0,0,NA,0,0,1,0,0,0,0,NA,NA,0,0,0,0,0,NA,0,0,0,0,0,1,0,0,NA,NA,NA,1,NA,NA,NA,NA,NA,NA
"VANCE (D NC-8)",1,1,1,1,NA,0,0,NA,1,0,NA,1,0,1,1,0,1,1,0,1,1,0,1,1,1,0,1,0,0,1,1,0,1,NA,0,1,1,1,1,NA,0,0,1,0,0,1,1,1,0,1,NA,1,1,1,1,1,1,0,1,1,1,1,0,1,0,0,1,NA,NA,0,0,0,1,1,1,1,1,1,1,1,1,0,1,0,1,0,1,0,0,0,1,0,0,1,0,0,1,0,1,1,1,1,0,NA,NA,NA,NA,NA,NA,NA,NA,NA,NA,NA,NA,NA,1,1,1,0,0,1,1,0,1,0,1,1,0,NA,NA,NA,NA,NA,NA,1,NA,NA,NA,NA,NA,NA,NA,NA,NA,NA,NA,NA,NA,NA,NA,1,NA,NA,NA,NA,NA,NA,NA,NA,NA,NA,NA,NA,NA,NA,NA,NA,NA,NA,NA,NA,1,NA,NA,1,NA,NA,0,NA,NA,NA,1,NA,0,1,1,0,1,1,1,1,1,0,1,0,0,1,1,1,1,0,NA,NA,NA,1,0,0,1,1,0,0,NA,NA,NA,NA,1,NA,NA,NA,NA,NA,NA,NA,1,NA,0,1,1,0,0,NA,NA,NA,NA,0,1,1,0,0,0,1,0,1,1,0,0,0,0,1,1,1,1,1,1,1,1,1,0,1,1,1,1,1,1,0,0,NA,1,1,1,1,1,1,1,1,1,0,1,1,1,1,1,1,NA,1,0,1,1,1,1,1,0,1,0,0,1,1,0,0,0,0,0,1,1,1,1,0,1,1,0,1,1,0,1,0,0,0,1,0,0,0,0,NA,NA,0,0,0,0,1,1,0,0,0,NA,NA,1,0,0,NA,NA,NA,NA,NA,NA,NA,NA,NA,NA
"BUTTERWORTH (R OH-1)",1,1,0,NA,1,0,0,1,0,0,1,1,1,1,1,NA,0,NA,1,0,NA,NA,0,NA,1,1,NA,1,1,0,0,1,0,1,1,0,0,0,NA,1,1,NA,NA,NA,1,NA,1,NA,NA,NA,1,NA,1,0,NA,NA,1,1,0,0,0,0,0,1,1,1,0,0,NA,NA,1,0,1,0,0,1,1,1,1,NA,1,1,1,1,NA,NA,NA,1,NA,1,1,NA,1,0,1,1,1,NA,1,1,NA,0,1,NA,NA,1,1,1,NA,1,NA,0,NA,NA,NA,NA,NA,0,0,1,1,0,0,1,0,1,NA,NA,1,1,1,0,1,1,NA,0,1,0,0,1,0,0,0,0,0,0,0,0,0,0,0,0,0,NA,0,0,1,0,0,0,0,0,0,1,1,NA,1,0,1,1,0,1,0,1,0,0,1,1,1,1,1,1,0,1,1,0,0,NA,0,0,1,0,0,1,NA,NA,NA,1,0,0,0,1,1,1,1,0,1,1,1,0,1,1,1,1,1,1,0,1,1,1,1,1,1,1,0,1,1,1,0,1,NA,0,1,1,0,1,1,1,NA,NA,1,0,1,1,0,1,NA,NA,NA,NA,NA,NA,0,1,NA,NA,NA,NA,0,1,0,1,1,1,1,1,NA,NA,NA,1,0,1,1,NA,NA,NA,0,1,NA,0,0,NA,1,0,1,1,NA,1,NA,1,0,NA,1,0,1,1,0,0,1,0,1,1,NA,NA,NA,NA,0,1,0,1,1,1,1,1,NA,NA,1,1,0,1,NA,NA,1,1,1,1,1,NA,1,NA,NA,1,1,NA,1,1,NA,1,NA,1,NA,NA,NA,NA,1,1,1,NA,NA
"YOUNG (R OH-2)",1,1,0,0,1,NA,1,1,0,0,1,0,NA,NA,1,1,0,0,1,NA,0,0,1,0,NA,NA,NA,0,1,NA,0,1,0,1,1,NA,0,0,1,NA,1,0,1,0,0,1,1,NA,NA,NA,NA,1,NA,NA,NA,NA,NA,NA,NA,NA,NA,0,NA,1,NA,NA,NA,NA,NA,NA,NA,NA,NA,NA,NA,NA,NA,NA,NA,NA,1,NA,NA,1,NA,NA,NA,1,1,1,1,NA,1,NA,NA,NA,1,0,NA,NA,NA,0,1,0,1,NA,NA,NA,NA,NA,NA,1,1,1,1,0,NA,0,0,1,1,0,NA,0,0,1,0,0,1,NA,NA,NA,NA,NA,NA,NA,NA,NA,NA,NA,NA,NA,NA,NA,NA,NA,NA,NA,NA,NA,NA,NA,NA,NA,NA,NA,NA,NA,NA,NA,NA,NA,NA,NA,NA,NA,NA,NA,NA,NA,NA,NA,NA,NA,NA,NA,NA,NA,NA,NA,NA,1,0,1,NA,NA,0,1,NA,NA,1,1,NA,NA,NA,1,0,1,0,NA,0,1,1,1,0,0,1,NA,NA,0,1,NA,NA,NA,NA,NA,NA,NA,NA,1,1,1,1,1,0,1,NA,NA,NA,NA,NA,0,1,NA,NA,1,NA,NA,NA,NA,NA,0,NA,0,NA,1,NA,NA,NA,NA,NA,NA,0,1,0,NA,NA,NA,NA,1,0,1,1,NA,NA,NA,NA,NA,NA,NA,NA,NA,NA,NA,0,NA,NA,NA,NA,NA,NA,NA,NA,NA,NA,NA,NA,NA,NA,NA,0,NA,NA,0,NA,1,NA,NA,NA,NA,NA,NA,NA,NA,NA,NA,NA,NA,0,0,1,1,1,NA,1,NA,NA,1,0,1,NA,NA,NA,NA,1,NA,NA,NA,0,NA,NA,NA,1,NA,1,1,NA,1,1,1,1,1,NA,1,1,1,1,0,1
"MOREY (R OH-3)",1,1,0,0,1,0,1,1,0,1,1,1,0,1,1,1,0,0,1,1,0,1,NA,NA,0,NA,NA,1,1,0,0,1,0,1,1,0,0,0,0,1,NA,0,0,NA,NA,NA,NA,1,1,1,NA,NA,NA,NA,1,0,1,1,0,0,0,0,0,1,1,1,0,0,1,1,1,1,1,0,0,NA,NA,NA,NA,NA,1,1,1,1,0,NA,NA,NA,NA,NA,NA,NA,NA,NA,1,1,1,NA,NA,0,0,0,1,NA,NA,NA,NA,1,1,1,1,1,1,0,NA,0,0,0,0,NA,1,0,0,0,0,1,0,0,1,NA,1,0,1,1,NA,0,1,0,0,1,0,0,0,0,0,0,0,0,0,0,0,0,0,NA,0,0,1,0,0,0,0,0,NA,1,1,0,1,0,1,1,0,1,0,1,1,0,1,1,1,1,1,1,0,1,1,NA,1,1,NA,NA,NA,0,NA,NA,NA,1,0,NA,0,NA,0,1,1,1,1,0,1,1,NA,NA,NA,NA,1,1,1,1,0,1,1,1,1,1,1,1,0,1,0,1,0,1,NA,0,1,0,1,0,0,0,1,1,0,0,NA,0,NA,NA,1,0,1,0,NA,NA,0,1,0,0,1,1,1,0,1,0,0,NA,1,0,0,1,1,1,0,1,1,0,0,0,0,NA,0,0,NA,NA,1,0,1,1,1,1,0,0,1,0,NA,0,1,1,0,0,1,1,1,1,NA,NA,NA,0,0,1,0,1,1,1,1,0,1,NA,1,1,0,1,1,1,1,1,1,1,1,1,0,0,0,1,1,NA,1,1,1,1,1,1,1,1,1,1,1,1,NA,0,1
"SHULTZ (R OH-4)",1,1,0,0,1,0,0,1,0,0,NA,1,1,1,1,1,0,0,1,1,0,1,0,1,1,1,0,1,1,0,0,1,0,1,1,0,0,0,NA,NA,1,0,1,0,NA,0,1,NA,NA,NA,NA,NA,NA,NA,NA,NA,NA,1,0,0,0,0,0,1,1,1,NA,NA,1,NA,1,1,0,0,0,1,1,0,1,NA,1,1,0,1,NA,NA,NA,NA,NA,NA,NA,NA,NA,NA,NA,NA,NA,0,NA,NA,NA,0,1,0,NA,1,1,1,1,1,1,0,NA,NA,0,0,0,NA,0,1,1,0,0,0,0,1,0,0,1,1,1,0,1,1,1,0,1,0,0,1,0,0,0,0,0,0,0,0,0,0,0,0,0,0,0,0,1,0,0,0,0,0,0,1,1,0,1,0,1,1,0,1,0,1,1,0,1,1,1,1,1,1,0,1,NA,NA,NA,NA,NA,NA,NA,NA,NA,1,NA,NA,NA,NA,0,NA,0,1,1,1,1,0,1,1,1,0,NA,1,1,1,1,1,0,1,1,1,1,1,1,1,0,1,0,NA,0,1,1,0,1,NA,NA,0,0,0,1,NA,1,NA,1,NA,0,1,1,1,NA,NA,1,1,0,1,0,0,1,NA,NA,NA,NA,NA,NA,NA,NA,NA,NA,NA,NA,NA,NA,NA,1,0,NA,NA,NA,NA,NA,NA,NA,NA,NA,NA,1,1,1,1,0,1,0,1,NA,0,1,1,0,0,1,1,NA,NA,1,0,0,0,0,1,0,1,1,1,1,0,NA,NA,1,1,0,1,1,1,1,1,1,1,1,1,1,0,0,1,1,1,NA,1,1,1,1,1,1,1,1,1,1,NA,NA,0,1
"LEFEVRE (D OH-5)",1,1,1,NA,NA,0,0,1,0,0,1,0,1,1,NA,0,0,0,0,NA,NA,NA,NA,0,NA,1,1,NA,0,1,1,0,1,NA,0,1,1,1,1,NA,1,0,NA,NA,NA,NA,NA,1,0,1,NA,NA,1,1,0,1,1,0,1,1,1,1,0,1,NA,NA,NA,NA,NA,NA,NA,NA,NA,1,1,0,NA,NA,NA,NA,NA,0,1,0,NA,1,NA,1,NA,NA,NA,NA,NA,NA,NA,NA,NA,NA,NA,NA,1,1,0,0,0,1,NA,0,NA,NA,NA,NA,1,0,NA,0,NA,NA,1,0,0,1,1,0,1,0,1,NA,0,NA,NA,1,NA,NA,NA,1,NA,NA,NA,NA,NA,NA,NA,NA,NA,NA,NA,NA,NA,NA,NA,1,NA,NA,NA,NA,NA,NA,NA,NA,NA,NA,NA,NA,NA,NA,NA,1,NA,NA,NA,NA,1,NA,NA,1,NA,NA,0,NA,NA,NA,1,NA,0,NA,1,NA,NA,NA,NA,NA,1,1,NA,NA,NA,NA,NA,NA,NA,0,NA,0,0,1,0,NA,0,NA,NA,NA,NA,NA,NA,NA,NA,NA,NA,NA,NA,NA,NA,NA,1,NA,0,NA,NA,NA,NA,1,0,0,NA,0,0,0,0,NA,1,1,1,0,0,1,NA,NA,1,NA,1,1,1,1,1,1,1,1,0,0,1,0,1,1,0,0,1,0,1,1,1,0,1,1,1,1,1,0,1,1,NA,1,1,1,1,1,1,1,0,1,NA,NA,0,1,0,0,1,1,0,0,0,0,0,1,1,NA,1,NA,1,0,0,1,0,1,1,0,0,0,0,0,0,0,NA,NA,NA,0,0,0,0,NA,0,0,0,0,NA,0,NA,0,0,NA,NA,NA,0,NA,NA,NA,NA,NA,NA
"RITCHIE (R OH-6)",1,1,0,0,1,0,0,1,0,1,1,1,0,1,1,0,0,0,1,1,0,1,0,1,1,1,0,0,1,0,0,1,0,1,1,0,0,0,0,1,1,NA,NA,NA,1,0,1,1,1,1,1,1,1,0,NA,NA,NA,1,0,0,0,0,0,1,1,1,0,0,1,1,1,1,0,0,0,1,1,0,1,0,1,1,0,1,0,1,0,NA,NA,1,1,1,1,0,1,1,NA,0,NA,0,0,0,1,0,0,1,NA,1,1,1,1,0,1,0,0,0,0,0,0,1,1,0,0,0,0,1,0,0,1,1,1,0,1,1,1,0,1,0,0,1,0,0,0,0,0,0,0,0,0,0,0,0,0,0,0,0,1,0,0,NA,NA,NA,NA,NA,NA,NA,NA,NA,NA,NA,NA,NA,NA,NA,NA,0,1,1,1,1,1,1,0,1,1,0,0,1,0,0,1,0,0,1,1,1,0,1,0,0,0,0,1,1,1,0,1,1,1,0,1,1,1,1,1,1,0,1,1,1,1,1,1,1,0,1,0,1,0,1,1,1,1,0,0,0,0,0,NA,NA,0,1,1,1,1,1,1,1,0,0,1,1,0,1,1,1,1,1,0,1,1,1,1,1,1,0,NA,NA,NA,1,0,1,1,0,0,0,0,1,0,0,0,0,1,0,1,1,1,1,0,1,1,NA,1,0,1,1,0,0,1,1,1,1,1,0,0,0,0,1,1,1,1,1,1,0,1,1,1,1,0,1,1,1,1,0,0,1,1,1,1,1,1,0,0,1,0,1,1,1,1,1,1,1,1,1,1,1,1,0,1
"LEEDOM (D OH-7)",1,1,1,1,0,0,NA,1,0,0,1,0,0,0,1,0,1,1,1,0,NA,0,1,NA,0,0,NA,0,0,1,1,0,1,NA,0,1,1,NA,1,0,1,0,NA,NA,0,1,1,NA,NA,NA,NA,NA,NA,NA,NA,NA,NA,1,1,1,1,1,0,1,0,0,0,1,1,0,NA,0,1,1,1,0,1,0,1,NA,0,0,1,0,NA,NA,NA,1,NA,NA,NA,NA,NA,NA,NA,NA,NA,NA,NA,NA,NA,1,0,1,1,1,1,NA,0,NA,NA,0,1,0,0,1,NA,NA,1,0,0,1,1,0,1,0,NA,NA,NA,NA,NA,NA,NA,NA,NA,NA,NA,NA,NA,NA,NA,NA,NA,NA,NA,NA,NA,NA,NA,NA,NA,NA,NA,NA,NA,NA,NA,NA,NA,NA,NA,NA,NA,NA,NA,NA,NA,NA,NA,NA,NA,NA,NA,NA,NA,NA,NA,NA,NA,NA,NA,NA,NA,NA,NA,NA,NA,NA,NA,NA,NA,NA,NA,NA,NA,NA,NA,1,1,1,NA,NA,NA,NA,NA,NA,NA,NA,NA,NA,NA,0,NA,NA,NA,NA,NA,NA,NA,NA,NA,NA,NA,NA,NA,NA,0,1,1,0,0,1,0,0,0,0,0,0,0,0,1,1,0,0,NA,1,1,1,1,NA,NA,NA,NA,NA,NA,NA,NA,NA,NA,NA,NA,NA,NA,NA,NA,NA,NA,0,1,1,1,0,1,1,1,1,1,0,1,1,1,1,0,1,1,1,1,1,1,NA,0,NA,0,1,1,0,1,1,0,1,1,NA,0,1,1,1,1,0,1,1,0,1,0,NA,1,0,0,0,1,0,0,0,0,NA,NA,0,0,0,0,0,0,NA,NA,0,0,0,1,0,0,NA,NA,NA,NA,NA,NA,NA,NA,NA,NA
"KEIFER (R OH-8)",NA,NA,NA,NA,NA,NA,NA,NA,NA,NA,NA,NA,NA,NA,NA,NA,NA,NA,NA,NA,NA,NA,NA,NA,NA,NA,NA,NA,NA,NA,NA,NA,NA,NA,NA,NA,NA,NA,NA,NA,NA,NA,NA,NA,NA,NA,NA,NA,NA,NA,NA,NA,NA,NA,NA,NA,NA,NA,NA,NA,NA,NA,NA,NA,NA,NA,NA,NA,NA,NA,NA,NA,NA,NA,NA,NA,NA,NA,NA,NA,NA,NA,NA,NA,NA,NA,NA,NA,NA,NA,NA,NA,NA,NA,NA,NA,NA,NA,1,NA,NA,NA,NA,NA,NA,NA,NA,NA,NA,NA,NA,NA,NA,NA,NA,NA,NA,NA,NA,NA,NA,NA,NA,NA,NA,NA,NA,NA,NA,NA,NA,NA,NA,NA,NA,NA,NA,NA,NA,NA,NA,NA,NA,NA,NA,NA,NA,NA,NA,NA,NA,NA,NA,NA,NA,NA,NA,0,NA,NA,NA,0,NA,NA,NA,NA,NA,NA,NA,NA,NA,NA,NA,NA,NA,NA,NA,NA,NA,NA,NA,NA,NA,NA,NA,NA,NA,NA,NA,NA,NA,NA,NA,NA,NA,NA,NA,NA,NA,NA,NA,NA,NA,NA,NA,NA,NA,NA,NA,NA,NA,NA,NA,NA,NA,NA,NA,1,1,1,NA,NA,NA,NA,NA,NA,NA,NA,NA,NA,NA,NA,NA,NA,NA,NA,NA,NA,NA,NA,NA,NA,NA,NA,0,NA,NA,NA,NA,NA,NA,NA,NA,NA,NA,NA,NA,NA,NA,NA,NA,NA,NA,NA,NA,NA,NA,NA,NA,NA,NA,NA,NA,NA,NA,NA,NA,NA,NA,NA,NA,NA,NA,NA,NA,NA,NA,NA,NA,NA,NA,NA,NA,NA,NA,NA,NA,NA,NA,NA,NA,NA,NA,NA,NA,NA,NA,NA,NA,NA,NA,NA,NA,NA,NA,NA,NA,NA,NA,NA,NA,NA,NA,NA,NA,NA,NA,NA,NA,NA,NA,NA,NA,NA,NA,NA,NA,NA,NA,NA,NA,NA,NA,NA,NA,NA,NA,NA,NA
"ROBINSON (R OH-9)",1,1,0,0,1,NA,NA,NA,NA,NA,1,0,0,1,1,1,NA,0,0,1,0,1,1,1,0,NA,NA,1,1,0,1,1,0,1,1,0,0,0,1,NA,NA,0,NA,NA,1,0,1,1,1,1,NA,1,1,0,1,0,1,1,0,0,0,0,0,1,1,1,0,0,1,1,1,NA,NA,NA,NA,NA,NA,0,1,0,1,1,1,1,0,0,0,1,1,1,1,1,1,0,1,1,1,NA,NA,0,NA,0,1,1,0,1,NA,1,1,1,1,0,1,1,0,0,0,0,0,1,1,0,NA,0,0,1,0,0,1,1,1,0,1,1,1,0,1,0,0,1,0,0,0,0,0,0,0,NA,0,0,NA,0,0,0,0,0,1,0,0,0,0,0,0,1,1,0,1,0,1,1,0,1,0,1,1,0,1,1,1,1,1,1,0,1,1,NA,0,1,0,0,1,NA,NA,NA,NA,1,NA,1,0,NA,0,1,1,1,1,0,1,1,1,0,1,1,1,1,1,1,0,1,1,1,1,1,1,1,0,1,NA,NA,NA,1,1,0,1,0,0,0,0,0,1,1,0,NA,1,0,0,1,1,1,NA,NA,1,1,1,1,1,1,1,1,NA,NA,NA,NA,NA,NA,NA,NA,NA,NA,0,1,0,0,1,0,0,0,0,1,0,NA,NA,0,1,0,1,1,1,1,0,1,0,NA,NA,0,1,1,0,0,1,NA,1,1,1,0,0,0,0,1,0,1,1,1,1,0,1,NA,1,1,0,1,1,1,1,1,1,1,1,1,1,0,0,1,1,1,1,1,1,0,1,1,1,1,1,1,1,1,1,0,1
"RICE (R OH-10)",1,1,0,NA,NA,NA,NA,NA,NA,NA,NA,NA,NA,NA,1,0,NA,NA,1,1,NA,1,1,NA,NA,NA,0,0,1,0,NA,1,0,1,1,0,0,0,1,NA,1,0,1,NA,NA,NA,NA,NA,0,NA,NA,NA,NA,0,NA,0,1,1,NA,0,NA,0,0,1,1,1,0,0,1,1,1,1,0,0,0,NA,1,0,0,1,1,NA,0,NA,NA,NA,NA,NA,NA,NA,NA,NA,NA,NA,NA,NA,NA,0,NA,NA,NA,NA,NA,NA,NA,NA,NA,1,1,1,1,0,0,0,0,0,0,NA,0,1,1,0,0,1,0,1,0,0,1,1,1,NA,1,1,NA,NA,1,0,0,1,0,0,0,0,0,0,0,0,0,0,0,NA,0,0,0,0,1,0,0,0,0,0,0,1,1,0,1,0,1,1,0,1,0,1,1,0,1,1,1,1,1,1,NA,0,NA,NA,NA,NA,0,NA,1,NA,NA,NA,NA,NA,NA,NA,NA,0,0,0,NA,1,0,NA,1,1,1,NA,0,1,NA,1,1,1,0,1,1,1,1,1,1,1,0,1,1,NA,0,NA,NA,NA,NA,0,NA,NA,0,0,NA,NA,1,NA,1,1,0,1,1,1,NA,NA,NA,NA,0,0,0,NA,1,0,NA,1,NA,1,1,1,NA,0,NA,NA,NA,NA,NA,NA,NA,NA,NA,0,0,1,NA,NA,NA,NA,1,0,NA,NA,1,1,0,1,NA,NA,1,NA,NA,1,0,0,1,1,1,1,1,NA,NA,NA,0,1,1,NA,1,1,1,0,1,NA,NA,1,0,1,1,1,1,1,NA,1,1,1,1,1,1,1,NA,1,0,1,1,0,1,1,1,1,1,1,NA,NA,NA,0,1
"NEAL (R OH-11)",1,1,0,0,NA,1,1,1,NA,NA,NA,1,0,1,NA,1,0,NA,NA,1,1,0,NA,1,NA,1,0,NA,1,NA,0,1,0,1,1,0,0,0,0,NA,NA,NA,NA,NA,NA,NA,NA,0,1,1,0,1,NA,NA,NA,0,NA,1,0,NA,NA,0,0,1,1,1,0,0,1,1,1,NA,NA,NA,NA,NA,NA,0,NA,0,1,1,1,NA,NA,0,1,1,1,1,0,1,1,0,1,1,1,NA,NA,NA,0,0,1,1,NA,1,1,1,0,1,NA,0,1,0,NA,NA,0,0,0,1,1,NA,0,1,0,NA,0,0,1,1,1,0,0,NA,1,0,NA,0,NA,1,0,0,0,0,0,0,0,0,0,0,0,NA,NA,0,0,0,1,0,0,0,0,0,0,1,1,0,1,0,1,1,0,1,0,1,NA,0,1,1,1,1,1,1,0,1,1,0,0,1,0,0,1,0,0,1,0,1,NA,NA,0,0,0,1,1,1,1,0,1,1,1,NA,1,1,1,1,1,1,0,1,1,1,NA,1,1,1,0,1,0,NA,NA,NA,NA,NA,NA,NA,1,1,1,1,NA,1,1,NA,NA,NA,1,NA,NA,NA,NA,NA,1,1,0,NA,NA,NA,1,NA,1,0,1,NA,0,1,1,NA,1,1,0,1,0,1,1,NA,0,0,0,1,0,0,NA,NA,1,0,1,1,NA,NA,0,1,NA,1,NA,0,1,1,0,0,1,1,1,1,NA,0,0,NA,0,1,1,1,1,NA,1,0,1,NA,0,1,NA,NA,NA,NA,1,1,1,NA,NA,NA,NA,0,NA,0,NA,NA,NA,NA,0,1,NA,NA,NA,NA,NA,NA,NA,NA,NA,NA,NA
"CONVERSE (D OH-12)",1,1,1,NA,NA,0,0,1,1,1,0,1,1,1,1,NA,1,0,0,NA,NA,NA,1,0,0,0,0,NA,NA,1,1,0,1,NA,0,0,1,1,NA,NA,1,0,1,0,1,0,NA,1,0,1,0,0,1,1,0,0,1,0,1,1,1,1,NA,0,1,1,0,0,1,NA,1,0,1,NA,NA,1,NA,NA,NA,NA,0,0,1,0,NA,1,0,NA,0,NA,NA,0,0,1,NA,0,1,0,NA,1,1,NA,NA,NA,NA,1,1,1,1,NA,NA,0,1,0,0,1,0,0,1,0,0,1,1,0,NA,0,NA,0,0,NA,NA,NA,NA,NA,NA,NA,NA,NA,NA,NA,NA,NA,NA,NA,NA,NA,NA,NA,NA,NA,NA,1,NA,NA,NA,NA,NA,NA,NA,NA,NA,NA,NA,NA,NA,NA,NA,NA,NA,NA,NA,NA,1,NA,NA,1,NA,NA,0,NA,NA,NA,1,NA,1,NA,NA,0,NA,NA,NA,NA,NA,NA,0,NA,0,0,NA,NA,NA,NA,0,1,0,NA,0,0,1,1,0,0,NA,NA,NA,NA,NA,NA,NA,NA,NA,NA,NA,NA,NA,NA,NA,NA,NA,NA,NA,NA,NA,NA,NA,NA,NA,NA,0,0,0,1,0,0,NA,0,0,0,0,1,1,1,0,1,1,1,1,1,NA,NA,NA,NA,NA,NA,NA,NA,NA,NA,NA,NA,NA,NA,1,1,1,1,1,0,1,1,1,1,1,NA,1,1,1,1,0,1,0,0,0,1,0,0,1,1,NA,1,0,0,0,1,1,NA,1,0,1,NA,0,0,1,0,1,0,0,0,0,0,0,0,0,NA,0,0,0,1,0,NA,0,0,0,0,0,NA,1,0,0,NA,NA,NA,NA,NA,NA,NA,NA,NA,NA
"ATHERTON (D OH-13)",1,1,1,0,NA,NA,0,NA,NA,NA,NA,NA,NA,NA,1,0,1,1,0,NA,1,0,1,0,1,0,0,NA,NA,NA,NA,NA,NA,NA,0,1,1,1,1,0,0,NA,NA,NA,NA,NA,NA,1,0,NA,1,NA,NA,NA,NA,NA,NA,NA,1,NA,NA,NA,1,0,NA,NA,NA,NA,NA,NA,NA,NA,NA,1,NA,0,1,NA,NA,NA,NA,NA,NA,NA,NA,NA,NA,NA,NA,0,1,0,0,1,0,0,0,1,0,NA,NA,NA,1,NA,NA,NA,NA,1,NA,NA,NA,0,1,0,0,1,1,1,NA,NA,0,1,NA,0,NA,NA,NA,NA,NA,NA,NA,1,NA,NA,NA,1,NA,NA,NA,NA,NA,NA,NA,1,NA,NA,NA,NA,NA,NA,NA,1,NA,NA,NA,NA,NA,NA,NA,NA,NA,NA,NA,NA,NA,NA,NA,NA,NA,NA,NA,NA,1,NA,NA,1,NA,NA,0,NA,NA,NA,1,NA,0,NA,1,0,NA,NA,NA,NA,NA,NA,NA,0,NA,0,1,NA,NA,NA,0,1,0,1,0,NA,0,1,0,0,NA,NA,NA,NA,1,NA,NA,NA,NA,NA,NA,NA,NA,NA,0,1,NA,0,0,NA,NA,0,0,0,0,0,0,0,1,NA,0,NA,1,0,0,0,NA,NA,1,NA,1,NA,1,1,1,1,0,1,1,1,1,NA,0,1,1,0,1,1,1,0,NA,NA,NA,NA,NA,NA,NA,NA,1,1,1,1,1,1,1,1,0,1,NA,NA,NA,0,0,0,0,NA,1,0,1,0,0,1,1,1,1,0,1,0,0,0,0,0,0,NA,0,NA,NA,NA,NA,0,0,NA,0,0,0,0,0,0,0,0,0,0,0,0,1,0,0,NA,NA,NA,0,NA,NA,NA,NA,NA,NA
"GEDDES (D OH-14)",1,1,1,1,NA,1,0,1,1,1,0,1,0,0,1,0,1,1,0,1,1,0,1,0,0,1,1,0,0,1,1,0,1,NA,0,0,1,1,NA,NA,1,NA,NA,NA,1,1,1,1,0,1,0,0,1,1,0,1,1,1,1,1,NA,1,0,1,1,0,0,NA,NA,NA,0,0,1,1,1,1,0,1,1,1,0,0,1,0,NA,NA,NA,NA,NA,NA,NA,NA,NA,NA,NA,NA,NA,NA,NA,NA,NA,NA,NA,1,0,1,1,1,NA,NA,NA,0,1,0,0,1,0,NA,1,0,0,1,1,0,1,0,0,1,0,NA,NA,1,NA,NA,NA,NA,NA,NA,NA,NA,NA,NA,NA,NA,NA,NA,NA,NA,NA,NA,NA,NA,NA,NA,NA,NA,NA,NA,NA,NA,NA,NA,NA,NA,NA,NA,NA,NA,NA,NA,NA,NA,NA,NA,NA,1,NA,NA,NA,NA,NA,NA,1,NA,0,1,1,0,NA,NA,NA,1,NA,1,0,0,0,0,1,0,1,1,0,1,NA,NA,0,0,1,NA,NA,0,NA,NA,NA,NA,1,NA,NA,NA,NA,NA,NA,NA,NA,NA,0,NA,NA,NA,NA,NA,NA,NA,NA,NA,NA,NA,NA,NA,NA,NA,NA,NA,NA,NA,NA,NA,NA,1,1,1,0,1,0,0,1,1,0,1,1,1,1,1,1,1,NA,NA,NA,1,1,0,1,NA,1,1,1,0,1,1,1,1,1,1,1,1,1,1,0,NA,0,0,NA,1,0,0,0,1,0,1,0,0,NA,1,1,NA,1,0,1,1,1,0,1,0,1,1,0,0,0,0,0,0,NA,NA,0,0,0,NA,1,0,0,NA,0,0,0,NA,1,0,0,NA,NA,NA,NA,NA,NA,NA,NA,NA,NA
"DAWES (R OH-15)",1,1,0,0,NA,0,1,NA,0,0,1,0,0,1,1,0,0,0,1,1,0,1,0,1,0,1,0,1,1,NA,0,1,0,1,1,0,NA,NA,0,1,1,1,0,1,1,1,1,1,1,1,0,1,1,0,1,0,1,1,0,0,0,0,0,1,NA,NA,NA,NA,NA,NA,1,1,0,0,0,1,NA,0,1,0,1,1,0,1,0,1,0,1,1,1,1,1,1,0,1,1,NA,NA,NA,NA,NA,0,1,0,0,1,1,1,1,1,1,1,1,0,0,0,0,0,0,1,1,0,0,0,0,1,0,0,1,1,1,0,1,1,1,0,1,0,0,1,0,0,0,0,0,0,0,0,0,0,0,0,0,0,0,0,1,0,0,0,0,0,0,1,NA,0,1,0,1,1,0,1,NA,1,1,NA,1,1,NA,1,1,1,0,1,1,0,1,0,0,0,1,0,NA,NA,1,0,0,1,0,0,NA,NA,1,1,1,0,1,1,1,0,1,1,1,1,1,1,0,1,1,1,1,1,1,1,0,1,0,NA,NA,1,1,0,1,0,1,0,0,0,1,0,1,1,1,1,1,0,1,1,1,0,1,1,1,1,1,NA,1,1,0,NA,NA,1,1,NA,NA,NA,NA,NA,NA,NA,NA,NA,1,0,0,0,0,1,0,0,0,0,1,0,1,1,1,0,NA,1,1,0,1,1,0,1,0,0,1,0,1,1,1,0,0,0,0,1,1,1,1,0,1,NA,1,1,0,1,0,1,1,1,1,1,1,1,1,NA,1,1,1,1,NA,1,1,1,0,0,1,1,1,1,1,1,1,1,1,0,1
"UPDEGRAFF (R OH-16)",1,1,0,0,1,NA,1,NA,0,1,1,1,0,1,1,1,0,0,1,0,1,0,0,1,1,1,0,1,1,0,0,1,0,1,1,0,0,0,0,NA,1,NA,NA,NA,1,1,1,0,1,1,0,1,NA,0,1,0,1,1,0,0,NA,0,0,1,1,1,0,0,NA,NA,1,1,1,0,0,1,1,NA,NA,0,1,1,1,NA,0,0,0,1,1,1,0,1,1,0,1,1,1,NA,NA,1,0,0,1,0,0,1,1,NA,NA,NA,NA,0,1,0,0,0,0,0,0,1,1,0,0,0,0,1,0,0,1,1,1,0,1,1,1,0,1,0,0,1,0,0,0,0,0,0,0,0,0,0,0,0,0,0,0,0,1,0,0,0,0,0,NA,1,1,0,1,0,1,1,0,1,0,1,1,0,1,1,1,1,1,1,0,1,NA,NA,1,NA,NA,NA,NA,NA,NA,NA,NA,NA,NA,NA,NA,NA,0,1,1,1,1,0,1,1,1,0,1,1,1,1,1,1,0,1,1,1,1,1,1,1,0,NA,0,NA,0,1,NA,0,1,0,0,0,0,0,1,0,0,0,1,0,0,1,1,1,0,NA,NA,NA,NA,NA,NA,NA,NA,NA,NA,NA,NA,NA,NA,NA,NA,NA,NA,NA,NA,NA,NA,NA,NA,NA,NA,NA,NA,NA,NA,NA,NA,NA,NA,NA,NA,NA,NA,NA,NA,NA,NA,NA,NA,NA,NA,NA,NA,NA,NA,NA,NA,NA,NA,NA,NA,NA,NA,NA,NA,NA,NA,NA,NA,NA,NA,NA,NA,NA,NA,NA,NA,NA,NA,NA,NA,NA,NA,NA,NA,NA,NA,NA,NA,NA,NA,NA,NA,NA,NA,NA,NA,NA,NA,NA,NA,NA,NA,NA,NA
"TAYLOR (R OH-16)",NA,NA,NA,NA,NA,NA,NA,NA,NA,NA,NA,NA,NA,NA,NA,NA,NA,NA,NA,NA,NA,NA,NA,NA,NA,NA,NA,NA,NA,NA,NA,NA,NA,NA,NA,NA,NA,NA,NA,NA,NA,NA,NA,NA,NA,NA,NA,NA,NA,NA,NA,NA,NA,NA,NA,NA,NA,NA,NA,NA,NA,NA,NA,NA,NA,NA,NA,NA,NA,NA,NA,NA,NA,NA,NA,NA,NA,NA,NA,NA,NA,NA,NA,NA,NA,NA,NA,NA,NA,NA,NA,NA,NA,NA,NA,NA,NA,NA,NA,NA,NA,NA,NA,NA,NA,NA,NA,NA,NA,NA,NA,NA,NA,NA,NA,NA,NA,NA,NA,NA,NA,NA,NA,NA,NA,NA,NA,NA,NA,NA,NA,NA,NA,NA,NA,NA,NA,NA,NA,NA,NA,NA,NA,NA,NA,NA,NA,NA,NA,NA,NA,NA,NA,NA,NA,NA,NA,NA,NA,NA,NA,NA,NA,NA,NA,NA,NA,NA,NA,NA,NA,NA,NA,NA,NA,NA,NA,NA,NA,NA,NA,NA,NA,NA,NA,NA,NA,NA,NA,NA,NA,NA,NA,NA,NA,NA,NA,NA,NA,NA,NA,NA,NA,NA,NA,NA,NA,NA,NA,NA,NA,NA,NA,NA,NA,NA,NA,NA,NA,NA,NA,NA,NA,NA,NA,NA,NA,NA,NA,NA,NA,NA,NA,NA,NA,NA,NA,NA,NA,NA,NA,NA,NA,NA,NA,NA,NA,NA,NA,NA,NA,NA,NA,NA,NA,NA,NA,NA,NA,NA,NA,NA,NA,NA,NA,NA,NA,NA,NA,NA,NA,NA,NA,NA,NA,NA,NA,NA,NA,NA,NA,NA,NA,NA,NA,NA,NA,NA,NA,0,1,0,NA,0,1,1,0,0,1,1,1,1,1,NA,NA,0,0,1,1,1,1,1,1,1,1,1,1,1,0,1,1,1,1,1,1,1,1,1,1,0,0,1,0,1,1,1,0,0,1,1,1,1,1,1,1,1,1,0,1
"MCKINLEY (R OH-17)",1,1,0,0,NA,0,1,1,0,1,1,1,0,1,1,1,NA,NA,NA,NA,NA,NA,0,1,NA,NA,NA,0,1,0,NA,1,0,1,1,0,0,0,0,NA,1,NA,NA,NA,1,0,1,1,1,1,NA,1,1,0,1,0,1,1,0,NA,NA,0,0,1,1,1,0,0,1,NA,1,1,1,0,0,1,1,0,1,NA,1,1,1,1,0,1,0,1,1,0,NA,NA,1,0,1,1,NA,NA,NA,NA,NA,0,1,NA,NA,NA,NA,NA,NA,NA,NA,NA,NA,NA,NA,NA,NA,0,NA,NA,NA,NA,0,1,0,1,0,0,1,1,NA,0,1,1,1,0,1,0,0,1,0,0,0,0,0,0,0,0,0,0,0,0,0,0,0,0,1,0,0,0,0,0,0,1,1,0,1,0,1,1,0,1,0,1,0,0,1,1,1,1,1,1,0,1,NA,NA,NA,NA,0,0,1,1,0,1,NA,1,1,1,0,NA,NA,1,1,1,NA,0,1,1,1,NA,NA,1,1,1,1,1,0,1,1,1,1,1,1,1,0,1,NA,NA,0,1,1,0,1,0,0,0,0,0,1,0,NA,0,1,0,0,1,1,1,1,0,1,1,0,1,0,0,1,1,1,0,NA,1,0,1,NA,NA,NA,1,0,1,0,1,1,0,0,0,0,1,0,0,0,0,1,0,NA,1,1,1,NA,NA,0,1,NA,0,1,1,0,0,1,1,1,1,1,0,0,0,0,1,0,1,1,1,1,NA,1,1,1,1,0,1,1,1,1,1,1,1,1,1,NA,NA,NA,NA,NA,NA,NA,NA,NA,0,1,1,1,1,1,1,1,NA,NA,0,1
"MCCLURE (R OH-18)",1,1,0,0,NA,0,1,1,0,1,1,1,1,NA,1,1,NA,NA,1,NA,1,0,1,1,0,NA,1,NA,1,0,0,1,0,1,1,0,NA,0,1,NA,NA,0,NA,NA,1,NA,1,1,NA,1,NA,NA,1,0,1,NA,1,1,0,0,0,0,0,1,1,1,NA,0,1,NA,1,0,1,NA,NA,1,1,0,0,NA,1,NA,1,1,0,0,NA,1,NA,1,1,1,NA,0,1,1,1,NA,NA,NA,0,0,1,1,0,1,NA,1,1,1,1,NA,1,1,NA,NA,0,0,0,1,1,0,NA,0,0,1,0,0,1,1,1,0,1,1,1,0,1,0,0,1,0,0,NA,0,0,0,0,NA,0,0,0,0,0,0,0,0,1,0,0,0,0,0,0,1,1,0,1,0,1,1,0,1,0,1,1,0,1,1,1,1,1,1,0,1,NA,NA,NA,NA,0,NA,NA,NA,NA,1,1,1,NA,NA,0,0,0,1,NA,NA,NA,NA,NA,NA,NA,NA,NA,1,NA,1,1,1,0,1,1,1,1,1,1,1,0,1,1,NA,NA,1,1,0,1,1,1,NA,1,1,1,0,0,NA,0,1,0,1,1,NA,1,NA,1,NA,0,NA,1,0,1,NA,NA,0,NA,NA,0,1,NA,NA,NA,NA,NA,1,0,1,1,NA,NA,0,0,1,0,NA,NA,NA,1,0,NA,NA,1,1,0,1,NA,NA,NA,NA,NA,NA,0,0,1,NA,1,1,1,NA,NA,0,NA,1,1,1,1,1,1,0,NA,1,1,1,0,1,NA,1,1,1,NA,1,1,NA,NA,NA,NA,NA,NA,NA,NA,NA,NA,NA,NA,NA,NA,NA,NA,NA,NA,NA,NA,NA,NA
"TAYLOR (R OH-19)",1,1,0,0,NA,0,0,1,0,1,1,1,0,1,NA,1,0,0,1,1,0,1,0,1,1,1,NA,NA,NA,0,0,1,0,1,1,0,0,0,0,1,NA,NA,NA,NA,1,0,1,NA,1,1,1,1,1,0,1,0,NA,1,0,0,0,0,0,1,NA,NA,NA,NA,NA,NA,1,1,0,0,0,1,NA,NA,NA,0,1,1,NA,1,NA,NA,NA,NA,NA,1,0,1,1,0,1,1,1,NA,NA,0,0,0,1,NA,NA,1,1,1,1,1,1,NA,1,NA,NA,NA,NA,0,0,1,1,NA,0,0,0,1,NA,NA,NA,1,1,0,1,1,1,0,1,0,0,1,0,0,0,0,0,0,0,0,NA,NA,NA,0,0,0,0,0,1,0,NA,0,0,0,0,1,NA,0,1,0,1,1,0,1,0,1,NA,0,1,1,1,1,1,1,0,1,1,0,NA,NA,NA,NA,NA,0,0,NA,NA,1,NA,1,NA,0,0,NA,0,1,1,0,1,1,NA,0,0,NA,1,1,1,NA,0,1,1,1,1,1,1,1,0,1,0,NA,0,1,1,0,1,NA,NA,0,0,0,1,NA,1,NA,NA,1,NA,NA,NA,NA,NA,0,1,1,0,NA,NA,0,1,NA,1,0,1,0,0,NA,1,0,1,NA,0,NA,0,1,NA,1,0,NA,NA,NA,NA,0,0,0,1,0,1,1,NA,NA,NA,1,1,1,NA,0,1,1,0,0,1,1,1,1,1,0,0,NA,0,1,NA,NA,NA,NA,NA,NA,NA,NA,1,NA,NA,NA,1,1,NA,NA,1,1,1,NA,1,0,1,1,NA,1,NA,NA,0,0,NA,NA,NA,NA,NA,NA,NA,NA,NA,0,1
"TOWNSEND (R OH-20)",1,1,0,0,1,0,1,NA,0,1,1,1,0,1,1,1,0,0,1,1,0,1,0,NA,0,1,0,0,1,0,NA,1,0,1,1,0,0,0,0,1,1,1,1,NA,NA,0,1,1,0,1,1,1,1,0,1,0,1,1,0,0,0,0,0,1,1,1,0,0,1,NA,1,1,1,0,0,1,1,0,1,NA,1,1,1,1,0,1,0,NA,1,1,0,1,1,0,1,1,1,1,1,NA,0,0,1,0,0,1,1,1,1,NA,NA,1,0,1,NA,0,0,0,0,1,NA,0,0,0,0,1,0,0,1,1,1,0,1,1,1,NA,1,0,0,1,0,0,0,NA,0,0,0,0,0,0,0,0,0,0,0,0,1,0,0,0,0,0,0,1,1,0,1,0,1,1,0,1,0,1,1,0,1,1,1,1,1,1,0,1,1,0,0,0,0,0,1,1,0,1,1,NA,1,1,0,NA,0,1,1,1,1,0,1,1,1,0,1,NA,1,1,1,1,0,1,1,1,1,1,1,1,0,1,1,NA,NA,1,1,0,1,1,1,NA,1,1,1,1,0,0,1,1,0,1,1,1,1,0,1,1,NA,NA,NA,0,1,1,1,0,1,1,0,1,1,1,1,1,0,1,0,1,NA,0,0,0,0,1,0,0,0,0,1,0,1,1,1,1,0,NA,0,1,1,0,1,1,0,0,1,1,1,1,1,0,0,0,0,1,0,1,1,1,1,1,1,1,1,1,0,1,1,1,1,1,1,1,1,1,1,1,1,1,1,1,1,NA,0,1,1,1,1,1,1,1,NA,NA,NA,0,1
"GEORGE (R OR-1)",1,1,0,0,1,NA,1,1,NA,1,1,1,NA,NA,NA,1,0,0,NA,0,NA,1,NA,1,1,0,1,0,1,0,0,1,0,1,1,0,0,0,1,NA,NA,0,NA,NA,NA,NA,NA,1,1,1,1,1,1,NA,1,0,1,1,0,0,NA,0,0,1,NA,1,0,NA,1,NA,1,0,1,NA,0,1,1,0,1,NA,1,1,1,1,NA,NA,NA,NA,1,1,NA,1,1,NA,NA,NA,1,0,NA,NA,0,0,1,0,NA,1,1,NA,1,NA,NA,NA,NA,NA,NA,0,0,NA,0,NA,1,NA,NA,NA,NA,NA,NA,NA,1,1,1,0,1,1,1,NA,NA,0,0,1,0,0,0,0,0,0,0,NA,0,0,0,NA,0,0,0,0,1,0,0,0,0,0,0,1,1,0,1,0,1,1,0,1,NA,NA,NA,0,1,1,1,1,1,1,0,1,1,0,0,1,0,0,1,0,0,1,1,NA,1,1,0,0,0,1,1,1,NA,0,1,1,1,NA,NA,1,1,1,1,1,0,1,1,1,1,1,1,1,0,1,1,NA,NA,1,NA,NA,1,1,1,1,1,1,1,0,0,0,0,1,0,1,1,1,0,1,1,1,NA,NA,NA,0,1,NA,1,0,NA,1,NA,1,NA,1,0,1,NA,1,0,1,NA,0,0,0,0,NA,0,0,0,NA,NA,0,NA,1,1,1,NA,NA,NA,NA,NA,NA,1,1,0,NA,1,NA,1,NA,1,0,NA,NA,NA,1,0,NA,1,1,1,NA,NA,NA,1,1,0,1,1,1,1,1,NA,1,1,1,1,1,1,NA,1,1,NA,1,NA,1,1,1,1,1,1,NA,NA,NA,NA,0,1
"BINGHAM (R PA-1)",1,1,0,NA,NA,0,0,1,0,0,NA,0,1,NA,NA,NA,0,NA,1,NA,NA,1,0,NA,NA,NA,NA,NA,1,NA,NA,1,0,1,1,NA,NA,NA,NA,0,NA,NA,NA,NA,1,0,1,NA,0,1,NA,1,1,NA,1,0,1,1,0,NA,NA,NA,NA,1,1,1,0,0,1,1,1,0,1,0,0,1,1,NA,NA,NA,1,1,1,1,NA,1,0,NA,1,1,0,1,NA,0,1,1,1,0,1,1,0,0,1,0,0,1,1,1,NA,1,1,1,0,1,NA,NA,NA,0,0,0,0,0,0,0,NA,1,0,0,1,1,1,NA,NA,NA,1,0,1,0,0,1,NA,0,0,0,0,0,0,0,0,0,0,0,0,0,0,0,1,0,0,0,0,0,0,1,1,0,1,0,1,1,0,1,NA,NA,NA,0,1,1,1,1,1,1,0,1,1,0,0,1,0,0,1,0,0,1,1,NA,1,NA,0,NA,0,1,1,1,1,0,1,NA,NA,NA,1,NA,1,1,1,NA,0,1,1,1,1,1,1,1,0,1,1,NA,0,NA,NA,NA,NA,NA,NA,NA,NA,NA,NA,NA,NA,NA,1,1,0,1,1,1,1,NA,NA,NA,0,0,0,NA,1,NA,NA,NA,NA,1,0,1,NA,NA,NA,1,1,1,0,1,NA,0,1,0,0,1,0,0,0,0,1,0,1,1,1,NA,0,NA,NA,NA,NA,NA,1,1,NA,0,1,1,1,NA,1,0,0,0,0,1,0,1,1,1,1,0,1,NA,1,1,0,1,NA,1,1,1,1,1,1,1,0,0,0,1,1,1,NA,1,0,1,1,1,NA,1,1,1,1,1,1,0,1
"O'NEILL (R PA-2)",1,1,0,0,1,0,1,NA,0,0,1,0,1,1,1,1,0,0,NA,NA,0,1,0,1,1,1,NA,1,1,0,0,1,0,1,1,0,0,0,NA,NA,NA,NA,NA,NA,1,NA,NA,1,0,1,NA,NA,NA,NA,1,0,1,1,0,0,0,0,0,1,1,1,0,0,1,NA,1,1,1,0,0,1,NA,1,1,NA,1,1,1,1,0,NA,NA,1,1,0,0,1,1,0,1,1,1,0,NA,1,0,0,1,1,0,1,1,1,1,1,1,1,0,1,0,0,0,0,0,0,0,0,0,0,0,1,0,0,1,1,1,0,1,1,1,0,1,0,0,1,0,0,0,1,0,0,0,0,0,0,0,1,0,0,0,0,1,0,0,0,0,0,0,1,1,0,1,0,1,1,0,1,0,1,1,0,1,1,1,1,1,1,0,1,1,0,0,1,0,0,1,0,0,1,1,1,1,NA,NA,0,0,1,1,1,1,0,1,1,1,NA,NA,1,1,1,1,1,0,1,1,1,1,1,1,1,0,1,1,NA,0,1,1,0,1,NA,NA,1,1,1,1,NA,NA,0,1,1,0,1,NA,NA,1,0,1,NA,0,0,0,0,1,1,1,0,1,1,0,1,1,1,1,1,0,1,0,1,1,0,0,0,0,1,0,0,0,0,1,0,1,NA,NA,0,0,0,NA,NA,NA,0,1,1,0,0,1,1,1,1,NA,0,0,0,0,1,0,1,1,1,1,1,1,1,1,1,0,1,1,1,1,1,1,1,1,1,NA,1,1,1,1,1,1,1,0,1,1,1,NA,1,1,1,1,NA,NA,0,1
"RANDALL (D PA-3)",NA,1,1,0,NA,NA,0,1,0,0,1,0,1,0,NA,NA,1,NA,0,1,1,0,1,NA,NA,NA,NA,0,0,1,1,0,1,NA,0,1,1,1,NA,NA,NA,NA,NA,NA,NA,NA,NA,NA,NA,NA,NA,NA,1,NA,0,1,1,0,1,1,1,1,0,1,0,1,1,1,NA,NA,1,0,1,0,0,NA,NA,1,1,1,0,0,1,0,NA,1,1,NA,0,0,NA,0,0,1,0,0,1,1,NA,0,1,0,1,1,1,NA,1,0,NA,NA,NA,0,0,0,0,1,0,1,NA,0,0,1,1,0,1,0,NA,0,0,NA,NA,1,NA,NA,NA,1,NA,NA,NA,NA,NA,NA,NA,NA,NA,NA,NA,NA,NA,NA,NA,1,NA,NA,NA,NA,NA,NA,NA,NA,NA,NA,NA,NA,NA,NA,NA,NA,NA,NA,NA,NA,1,NA,NA,1,NA,NA,0,NA,NA,NA,1,NA,NA,0,NA,NA,NA,NA,NA,1,1,NA,0,NA,NA,NA,NA,1,NA,NA,NA,NA,NA,1,0,0,0,0,0,0,NA,NA,NA,NA,NA,NA,NA,NA,NA,NA,NA,NA,1,NA,0,1,1,NA,NA,NA,NA,NA,NA,NA,0,NA,NA,NA,1,0,0,0,1,0,0,0,1,1,1,1,1,1,1,1,1,1,1,0,0,1,0,1,1,1,1,0,1,NA,NA,NA,1,1,1,1,1,1,1,1,1,1,1,1,NA,NA,1,1,NA,NA,1,1,1,0,NA,0,1,0,0,0,NA,NA,NA,1,1,0,NA,1,1,1,0,1,1,1,NA,1,0,0,1,0,0,0,0,NA,NA,0,0,0,0,0,0,0,0,0,0,0,1,1,0,NA,NA,NA,NA,NA,NA,NA,NA,NA,NA
"KELLEY (R PA-4)",1,1,0,0,1,0,0,NA,0,1,1,1,1,1,NA,NA,NA,NA,NA,1,NA,NA,0,1,0,1,NA,1,1,NA,0,1,0,NA,1,0,0,0,0,NA,NA,1,NA,NA,1,1,1,1,1,NA,1,1,1,0,1,0,NA,1,0,0,0,0,0,1,1,1,0,0,NA,NA,1,1,NA,0,0,1,1,NA,NA,0,1,1,1,NA,0,1,0,NA,NA,0,0,1,1,0,1,1,1,1,1,0,NA,0,1,NA,NA,1,1,1,1,NA,NA,1,0,0,1,0,0,0,0,1,1,0,0,1,0,1,0,0,1,NA,1,NA,1,1,1,0,1,0,0,1,0,NA,0,0,0,0,0,0,0,0,NA,NA,NA,0,0,0,1,0,0,0,NA,NA,0,1,1,0,1,0,1,1,0,1,0,1,NA,0,1,1,1,1,1,1,NA,1,1,0,0,0,NA,NA,NA,0,0,1,1,1,1,1,0,0,0,1,1,1,1,0,1,1,1,0,0,1,1,1,1,1,0,1,1,1,1,1,1,1,0,1,NA,NA,NA,1,1,0,1,1,NA,1,1,1,1,NA,NA,NA,NA,NA,NA,NA,NA,NA,NA,0,NA,NA,0,0,0,0,1,NA,1,0,NA,0,NA,NA,1,1,NA,1,NA,NA,0,1,1,0,0,0,0,1,0,0,0,0,1,0,NA,NA,1,0,NA,NA,0,0,NA,0,1,1,0,0,1,0,1,1,1,0,0,0,0,1,0,1,1,1,1,0,1,1,1,1,0,1,1,1,1,1,1,1,1,1,NA,0,NA,NA,NA,NA,NA,NA,NA,1,NA,NA,NA,NA,NA,NA,NA,NA,NA,0,1
"HARMER (R PA-5)",1,1,0,0,NA,0,1,NA,0,0,1,0,0,NA,1,1,0,0,NA,0,NA,NA,NA,NA,NA,1,NA,0,NA,NA,0,1,0,1,1,0,0,NA,NA,NA,NA,NA,NA,NA,NA,NA,NA,1,0,NA,NA,NA,NA,NA,1,0,NA,NA,NA,NA,NA,0,0,1,NA,1,NA,NA,NA,NA,1,0,1,0,0,NA,NA,NA,NA,1,1,1,1,1,NA,NA,NA,1,1,0,1,1,1,0,1,1,NA,NA,NA,1,0,0,1,0,0,1,1,1,1,1,1,1,1,1,NA,0,0,0,0,1,1,0,NA,NA,NA,NA,NA,NA,NA,NA,NA,NA,NA,NA,1,0,1,0,0,1,0,0,0,0,0,0,0,0,0,0,0,0,0,0,0,0,1,0,0,0,0,0,0,1,1,0,1,0,1,1,0,1,0,1,NA,0,1,1,1,1,1,1,NA,1,1,0,0,1,0,0,1,NA,0,1,1,1,NA,1,0,0,0,1,1,1,1,0,1,NA,NA,NA,NA,1,1,1,1,1,0,1,1,1,1,1,1,1,0,1,NA,NA,NA,NA,NA,NA,NA,NA,NA,1,1,1,1,0,1,NA,0,1,0,1,1,1,0,0,1,NA,0,0,NA,0,1,NA,1,0,1,1,0,1,NA,NA,NA,NA,NA,1,0,1,1,0,0,0,0,1,0,0,0,0,1,0,1,1,1,1,0,0,1,NA,NA,0,1,1,0,0,1,0,NA,1,1,0,0,0,0,1,0,1,1,1,1,1,1,NA,1,1,0,1,1,1,1,0,1,1,1,1,0,0,0,1,1,1,1,1,1,1,1,1,1,1,1,1,1,1,1,0,1
"WARD (R PA-6)",1,1,0,NA,NA,NA,1,1,0,0,1,0,1,1,1,1,0,0,1,NA,0,NA,1,1,NA,1,NA,1,1,0,0,1,0,1,1,0,0,0,0,NA,NA,NA,NA,NA,NA,0,1,1,0,1,NA,NA,1,0,1,0,1,1,0,NA,NA,0,0,1,1,1,0,0,1,NA,1,1,0,0,0,1,1,1,1,1,1,1,0,1,0,NA,NA,NA,1,0,0,1,1,0,1,1,NA,NA,1,NA,NA,0,1,0,0,NA,NA,1,1,NA,NA,1,0,1,1,0,0,0,0,0,1,0,0,0,0,1,0,0,1,1,1,0,1,1,1,0,1,0,0,1,0,0,0,0,0,0,NA,0,0,0,0,0,0,0,0,0,1,0,0,0,0,0,0,NA,1,0,1,0,1,1,0,1,0,1,1,0,1,1,1,1,1,1,0,1,1,0,0,1,0,0,1,NA,NA,NA,NA,NA,NA,NA,NA,NA,NA,NA,NA,NA,NA,0,1,1,NA,NA,NA,NA,1,1,1,1,0,1,1,1,1,1,1,1,NA,1,NA,NA,NA,NA,1,0,1,1,1,1,1,1,1,NA,1,0,1,1,NA,1,NA,1,NA,NA,NA,1,NA,NA,NA,NA,1,NA,0,1,1,1,1,1,1,1,1,1,0,1,0,1,1,0,0,0,0,1,0,0,0,0,1,0,1,1,1,0,0,NA,1,NA,1,0,1,1,0,0,1,1,1,1,1,0,0,0,0,1,0,1,1,1,1,0,1,1,1,1,0,1,1,1,1,1,1,1,1,1,1,1,1,1,1,1,1,1,0,1,1,1,1,1,1,1,1,NA,1,0,1
"GODSHALK (R PA-7)",1,1,0,0,NA,NA,1,0,NA,1,1,1,0,1,1,0,0,0,1,NA,1,0,0,1,0,1,0,NA,1,0,NA,1,NA,NA,NA,NA,NA,NA,NA,NA,NA,NA,NA,NA,NA,NA,NA,NA,NA,NA,NA,NA,NA,NA,NA,NA,NA,NA,NA,NA,NA,NA,NA,NA,NA,NA,NA,NA,NA,NA,NA,NA,NA,0,0,1,1,0,NA,0,NA,NA,NA,NA,0,1,0,1,1,1,NA,1,1,0,1,1,1,1,NA,0,0,0,1,0,0,1,1,NA,NA,NA,NA,NA,NA,NA,NA,NA,0,0,0,1,1,0,0,0,0,NA,0,0,1,1,1,0,1,1,1,0,1,0,0,1,0,0,0,0,0,0,0,0,0,0,0,0,0,0,0,0,1,0,0,0,0,0,0,1,1,0,1,0,1,1,0,1,0,1,1,0,1,1,1,1,1,1,0,1,1,0,1,0,0,0,1,1,0,1,0,0,1,1,0,0,0,1,NA,NA,NA,NA,NA,1,1,0,1,1,1,1,1,1,0,1,1,1,1,1,1,1,0,1,0,NA,0,NA,1,0,1,0,0,0,0,0,1,1,NA,NA,NA,0,NA,NA,1,0,1,0,1,1,1,NA,1,1,NA,NA,1,1,0,1,1,1,1,1,NA,NA,NA,1,0,1,1,0,NA,0,0,1,0,0,0,0,1,0,1,1,1,0,0,0,1,NA,NA,NA,1,NA,0,0,1,1,1,1,1,0,0,0,NA,1,1,1,0,0,1,0,1,NA,0,1,0,1,1,1,1,1,1,1,1,1,0,0,0,0,0,1,1,1,NA,1,1,1,1,1,1,1,NA,NA,NA,0,NA
"ERMENTROUT (D PA-8)",1,1,1,NA,NA,0,0,NA,NA,NA,NA,1,1,1,1,0,1,1,0,1,NA,0,0,0,0,1,1,0,NA,1,NA,NA,NA,NA,NA,NA,NA,NA,NA,NA,NA,NA,NA,NA,NA,NA,NA,NA,NA,NA,NA,NA,0,NA,NA,1,1,0,1,NA,NA,1,0,1,0,1,0,0,NA,0,1,0,1,0,0,NA,NA,NA,NA,NA,1,0,1,0,1,1,0,1,0,0,1,0,1,NA,NA,NA,1,0,1,1,1,0,1,1,1,1,NA,0,1,NA,NA,0,0,0,0,1,0,1,0,0,0,1,1,NA,1,0,0,0,1,NA,NA,1,NA,NA,NA,1,NA,NA,NA,NA,NA,NA,NA,NA,NA,NA,NA,NA,NA,NA,NA,1,NA,NA,NA,NA,NA,NA,NA,NA,NA,NA,NA,NA,NA,NA,NA,NA,NA,NA,NA,NA,1,NA,NA,1,NA,NA,0,NA,NA,NA,1,NA,1,0,1,0,1,1,0,1,NA,0,NA,0,1,1,1,1,1,NA,NA,1,0,NA,NA,1,0,1,0,0,NA,NA,NA,NA,1,NA,NA,NA,NA,NA,NA,NA,NA,NA,0,1,1,0,0,1,0,0,0,0,0,0,0,0,0,1,NA,0,0,0,0,NA,0,1,1,1,1,1,1,1,1,1,0,1,1,1,1,1,NA,NA,NA,0,1,1,1,1,NA,1,1,1,0,1,1,1,1,0,1,0,1,1,1,1,0,NA,NA,NA,0,1,0,0,1,0,0,0,0,0,0,1,1,0,0,1,1,1,0,0,1,0,1,1,0,0,0,0,0,0,0,0,0,0,0,1,NA,NA,NA,0,0,0,0,NA,1,1,0,NA,NA,NA,0,NA,NA,NA,NA,NA,NA
"SMITH (R PA-9)",1,1,0,0,NA,1,1,1,0,0,1,1,1,0,1,1,1,1,0,1,1,0,0,1,1,1,1,1,1,0,0,1,0,1,1,0,0,0,0,0,1,NA,NA,NA,1,0,1,1,1,1,0,1,1,0,1,0,1,0,0,0,0,0,0,1,1,1,0,1,0,NA,0,0,1,0,0,NA,NA,NA,1,0,1,1,1,NA,NA,1,0,1,1,1,0,1,NA,NA,NA,NA,NA,NA,NA,1,0,0,1,1,0,1,NA,0,1,1,1,1,0,0,0,0,0,0,0,0,0,0,0,0,0,1,0,0,1,NA,NA,0,1,1,1,0,NA,0,0,1,0,NA,0,0,0,0,0,0,0,0,0,0,0,0,0,0,1,0,0,0,0,0,0,1,1,0,1,0,1,1,0,1,0,1,NA,0,1,1,1,1,1,1,0,1,1,0,0,0,0,0,1,1,0,1,0,0,0,1,0,0,0,1,1,1,0,0,1,1,1,0,1,1,1,1,1,1,0,1,1,1,1,1,1,1,0,1,0,NA,0,1,NA,0,1,0,0,0,0,0,0,0,1,0,0,0,0,1,1,1,1,0,1,1,0,1,1,0,1,1,0,0,1,0,0,0,1,0,NA,NA,NA,1,0,1,1,0,0,0,0,1,0,0,0,0,1,0,1,1,1,0,0,0,1,0,1,0,0,1,0,0,1,0,1,1,1,0,0,0,0,1,1,1,1,0,1,0,1,1,1,1,0,1,1,1,1,1,1,1,1,1,0,0,NA,1,0,1,0,NA,1,1,1,1,1,1,NA,NA,NA,NA,NA,0,1
"MUTCHLER (D PA-10)",1,1,1,1,NA,0,0,1,1,1,0,1,1,1,1,0,1,1,0,0,1,0,1,NA,NA,NA,1,0,0,1,1,0,1,NA,0,1,1,1,1,NA,1,0,1,0,0,1,1,1,0,1,NA,NA,NA,NA,NA,NA,NA,0,1,1,1,1,0,1,0,1,1,1,NA,NA,1,0,1,0,0,1,0,1,1,1,NA,NA,NA,NA,NA,1,1,0,0,0,1,0,0,1,0,0,1,NA,NA,1,1,0,1,1,1,1,NA,0,NA,NA,NA,0,1,0,0,1,0,0,0,0,0,1,0,0,0,0,0,0,1,NA,NA,1,NA,NA,NA,1,NA,NA,NA,NA,NA,NA,NA,NA,NA,NA,NA,NA,NA,NA,NA,1,NA,NA,NA,NA,NA,NA,NA,NA,NA,NA,NA,NA,NA,NA,NA,NA,0,NA,NA,NA,1,NA,NA,1,NA,NA,0,NA,NA,NA,NA,NA,NA,NA,NA,NA,NA,NA,NA,NA,1,NA,0,0,NA,1,1,1,NA,NA,1,1,NA,1,0,1,0,1,0,NA,NA,NA,NA,NA,0,NA,NA,NA,NA,NA,NA,NA,NA,NA,NA,1,1,0,0,1,0,0,NA,0,0,0,0,0,1,1,0,0,0,NA,NA,NA,NA,1,1,NA,0,1,NA,NA,NA,1,1,1,0,1,1,1,NA,NA,NA,0,1,1,1,1,NA,1,1,1,0,1,1,1,1,1,1,0,1,1,0,1,1,NA,1,NA,1,0,1,0,1,0,NA,NA,NA,NA,NA,NA,NA,0,1,1,1,1,0,0,1,0,1,NA,0,0,0,0,0,0,0,NA,NA,0,0,1,1,0,0,0,1,0,0,0,1,1,0,NA,NA,NA,0,NA,NA,NA,NA,NA,NA
"KLOTZ (D PA-11)",1,1,1,1,NA,1,0,1,1,0,0,0,0,0,1,0,1,1,0,1,1,0,0,0,0,1,1,NA,NA,NA,0,0,1,NA,0,1,1,1,0,0,NA,0,1,0,0,1,1,1,0,1,0,NA,0,1,0,1,1,NA,NA,NA,NA,NA,NA,1,NA,1,NA,NA,NA,NA,NA,0,1,NA,0,NA,1,1,1,1,0,0,1,NA,1,1,1,0,0,0,1,0,0,1,0,0,1,0,1,1,1,0,1,1,1,NA,0,0,NA,NA,NA,0,1,NA,NA,NA,0,1,0,0,0,1,1,0,1,NA,NA,0,1,NA,NA,1,NA,NA,NA,1,NA,NA,NA,NA,NA,NA,NA,NA,NA,NA,NA,NA,NA,NA,NA,1,NA,NA,NA,NA,NA,NA,NA,NA,NA,NA,NA,NA,NA,NA,NA,NA,NA,NA,NA,NA,1,NA,NA,1,NA,NA,NA,NA,NA,NA,1,NA,1,NA,1,1,NA,1,NA,0,NA,NA,0,NA,NA,NA,NA,NA,NA,NA,0,1,0,1,0,0,0,0,0,0,NA,NA,NA,NA,1,NA,NA,NA,NA,NA,NA,NA,1,NA,0,1,1,0,0,1,0,0,0,NA,NA,NA,0,0,0,1,0,0,0,1,NA,NA,NA,NA,NA,1,0,1,1,1,1,1,1,0,1,1,0,1,0,1,1,NA,NA,1,1,1,1,1,NA,1,0,1,1,1,1,1,1,0,1,1,1,1,NA,1,1,NA,0,0,0,0,1,1,0,1,1,0,0,NA,NA,0,NA,1,1,1,0,1,1,NA,NA,0,0,0,0,0,0,0,0,NA,NA,0,0,1,0,0,0,0,0,NA,0,0,1,1,0,NA,NA,NA,NA,NA,NA,NA,1,NA,NA
"SCRANTON (R PA-12)",1,1,0,0,1,0,1,1,0,1,NA,1,0,0,1,1,NA,0,NA,1,0,1,NA,1,1,1,0,0,1,0,0,1,0,1,1,0,0,0,0,1,1,0,0,NA,1,0,NA,1,NA,1,NA,NA,NA,NA,NA,NA,NA,1,0,NA,NA,0,0,1,1,1,0,NA,NA,NA,1,1,1,0,0,NA,NA,0,1,0,1,1,1,1,0,1,0,1,1,1,1,1,1,0,1,1,1,0,1,1,0,0,1,0,0,1,1,1,1,1,1,1,0,1,0,0,0,0,0,1,1,0,NA,NA,NA,NA,NA,NA,NA,NA,1,0,NA,1,1,0,1,NA,0,1,0,0,0,NA,0,0,0,NA,0,0,0,NA,NA,NA,0,NA,1,0,0,NA,0,0,0,1,1,0,1,0,1,1,0,1,0,1,NA,0,1,1,1,1,NA,1,0,1,1,NA,1,0,NA,NA,NA,NA,NA,NA,NA,NA,NA,NA,NA,NA,NA,1,NA,1,1,0,1,1,1,NA,NA,1,1,1,1,1,0,1,1,1,1,1,1,1,0,1,NA,NA,NA,NA,NA,NA,NA,NA,NA,NA,NA,NA,NA,NA,NA,NA,NA,NA,NA,NA,NA,NA,NA,NA,1,1,NA,1,1,1,1,1,1,0,1,1,0,1,1,1,1,1,0,1,0,1,1,NA,NA,0,0,1,0,NA,NA,0,1,0,1,1,1,1,0,NA,NA,NA,NA,0,0,1,0,0,1,1,1,1,1,0,0,0,0,1,1,1,1,1,1,0,1,NA,1,1,0,1,NA,NA,NA,NA,NA,1,1,1,NA,0,NA,1,0,NA,NA,NA,1,1,1,1,NA,1,NA,NA,NA,NA,NA,0,1
"BRUMM (National Greenbacker PA-13)",0,0,0,0,1,0,1,NA,1,1,1,0,NA,NA,1,1,0,NA,1,1,NA,1,NA,NA,NA,1,1,0,1,0,NA,1,0,1,0,0,0,NA,0,0,NA,0,1,1,1,0,1,1,NA,NA,NA,1,1,0,1,0,1,1,0,0,0,0,0,1,NA,1,0,0,1,1,1,0,1,0,0,0,NA,NA,NA,0,0,1,NA,NA,0,NA,NA,NA,1,0,1,1,NA,NA,NA,NA,NA,NA,NA,NA,NA,0,1,0,0,1,NA,1,NA,0,NA,0,NA,0,NA,NA,1,NA,0,NA,1,1,NA,0,1,0,0,1,0,NA,1,NA,NA,1,1,NA,1,0,0,1,0,0,0,0,0,0,0,0,0,0,0,NA,NA,0,0,0,1,0,0,0,0,1,0,1,1,0,1,0,1,1,0,1,NA,1,1,NA,1,1,1,1,NA,NA,NA,NA,NA,NA,NA,NA,0,0,1,NA,0,1,NA,NA,NA,NA,NA,NA,NA,0,1,1,NA,0,1,0,NA,0,NA,NA,NA,1,1,1,0,1,1,1,1,1,1,1,0,1,NA,NA,NA,1,1,0,1,NA,NA,NA,NA,NA,NA,NA,NA,NA,1,0,0,1,1,1,NA,NA,1,1,1,0,1,NA,1,NA,0,NA,1,1,1,1,NA,NA,NA,NA,NA,1,1,0,1,NA,0,0,0,1,0,NA,0,0,1,0,NA,1,1,1,0,1,NA,NA,1,NA,NA,NA,NA,0,NA,NA,1,1,1,0,0,0,NA,NA,0,0,1,NA,NA,0,1,1,0,0,0,NA,1,0,1,NA,NA,1,1,0,NA,NA,0,1,0,1,1,1,1,0,1,1,1,1,NA,1,1,NA,1,0,1
"BARR (R PA-14)",1,1,0,0,1,0,1,1,0,0,1,0,1,1,1,1,0,NA,1,0,NA,NA,1,NA,NA,NA,NA,NA,NA,0,0,1,0,1,1,0,0,0,0,1,NA,NA,NA,NA,NA,NA,NA,1,0,1,NA,NA,1,0,1,0,1,NA,0,0,NA,0,0,1,1,1,0,0,1,1,1,1,0,0,0,1,NA,NA,NA,1,NA,NA,NA,1,0,NA,NA,NA,NA,0,0,1,NA,0,1,1,NA,NA,NA,NA,NA,0,1,0,0,1,NA,1,1,1,1,NA,NA,NA,NA,NA,0,0,NA,1,1,NA,NA,NA,NA,NA,NA,NA,1,1,1,NA,NA,NA,1,0,1,0,0,1,0,0,0,0,0,0,0,0,0,0,0,0,0,NA,0,0,1,0,0,0,0,0,NA,1,NA,0,1,0,1,1,0,1,0,1,NA,0,1,1,1,1,1,1,0,1,NA,NA,0,1,0,0,1,NA,0,1,NA,1,1,0,0,0,0,1,1,1,1,0,1,1,NA,NA,NA,NA,NA,NA,NA,NA,NA,NA,NA,NA,NA,NA,NA,NA,NA,NA,NA,NA,NA,NA,NA,NA,NA,NA,NA,NA,NA,NA,NA,NA,NA,NA,NA,NA,NA,NA,NA,NA,NA,0,1,NA,NA,NA,NA,NA,NA,NA,0,1,0,NA,1,1,1,NA,NA,1,0,1,0,1,1,0,0,0,0,1,0,0,0,0,1,0,1,NA,NA,0,0,0,0,NA,NA,0,1,1,0,0,1,1,1,NA,NA,0,0,0,NA,NA,NA,NA,1,1,1,NA,NA,NA,NA,NA,NA,1,NA,NA,NA,1,1,1,1,1,0,0,0,1,1,1,1,1,0,1,1,1,1,1,1,1,1,1,1,0,1
"JADWIN (R PA-15)",1,1,0,0,NA,0,1,1,0,1,1,0,0,1,1,NA,NA,NA,NA,NA,NA,NA,0,1,1,1,1,1,1,0,NA,1,0,1,1,0,0,0,0,1,1,1,NA,1,1,0,1,1,NA,NA,NA,NA,NA,NA,NA,NA,1,1,0,0,0,0,0,1,NA,NA,NA,NA,NA,NA,NA,NA,NA,0,NA,1,1,1,1,0,1,1,1,1,0,0,0,1,1,1,1,NA,NA,0,1,1,1,0,1,NA,NA,NA,NA,NA,NA,1,1,1,NA,1,1,1,1,1,0,0,0,0,0,1,1,0,NA,0,0,1,0,0,1,1,1,0,1,1,1,0,1,0,0,1,0,0,0,0,0,0,0,0,0,0,0,0,0,0,0,0,1,0,0,0,0,0,0,1,1,0,1,0,1,1,0,1,0,1,1,0,1,1,1,1,1,1,0,1,NA,NA,NA,NA,NA,NA,NA,NA,0,1,0,1,0,NA,0,0,0,1,NA,NA,NA,NA,1,1,1,0,1,NA,1,1,1,1,0,1,1,1,1,1,1,1,0,1,0,0,0,1,1,0,1,0,0,0,0,0,NA,1,1,0,1,0,0,1,1,0,NA,NA,1,1,0,0,1,1,1,1,1,0,0,1,1,1,1,1,NA,1,0,1,0,1,1,0,0,0,0,1,0,0,0,0,1,0,1,NA,1,0,NA,NA,1,0,NA,NA,NA,1,0,0,1,1,1,1,1,0,0,0,0,1,1,1,NA,NA,NA,0,1,0,0,1,0,1,1,1,1,1,1,1,1,1,0,0,0,1,0,1,0,1,1,1,1,1,1,NA,NA,NA,NA,NA,NA,0,1
"WALKER (R PA-16)",1,1,0,0,NA,0,1,0,0,0,1,0,1,NA,1,1,0,0,1,1,0,1,1,NA,NA,NA,NA,1,1,0,0,1,0,1,1,0,0,0,0,NA,1,0,1,NA,1,1,1,1,NA,NA,NA,1,1,0,NA,NA,NA,1,NA,NA,NA,0,0,1,1,1,0,0,1,1,1,1,0,0,0,NA,NA,NA,NA,NA,NA,NA,NA,1,0,1,0,1,1,NA,0,1,1,0,1,1,1,0,1,1,0,0,1,1,1,1,1,NA,1,1,1,1,0,0,0,0,0,0,0,NA,1,0,NA,NA,NA,NA,NA,NA,NA,NA,NA,NA,NA,NA,1,0,1,0,0,1,0,0,0,0,0,0,0,0,0,NA,0,0,0,0,0,0,1,0,0,0,0,0,0,1,1,0,1,0,1,1,0,1,0,1,NA,0,1,1,1,1,1,1,0,1,1,0,1,1,0,0,1,0,NA,1,0,0,1,0,0,0,0,1,1,1,1,NA,NA,1,1,NA,NA,1,NA,1,1,1,1,1,1,1,1,1,1,1,0,1,1,NA,1,1,1,0,1,0,0,0,0,0,NA,0,NA,NA,NA,NA,NA,NA,1,1,1,0,1,NA,0,0,0,0,1,1,0,1,0,1,1,1,NA,NA,NA,NA,NA,1,0,1,1,0,0,0,0,1,0,NA,NA,NA,1,0,1,1,1,1,0,0,1,0,NA,NA,NA,NA,0,0,1,1,1,1,1,0,0,0,0,1,1,1,1,1,1,0,1,1,1,1,0,1,1,1,1,0,0,1,1,1,0,0,0,1,0,0,0,1,0,1,1,1,1,1,1,1,1,1,1,0,1
"CAMPBELL (R PA-17)",1,1,0,0,1,0,0,1,0,0,1,0,0,NA,1,0,0,0,NA,NA,0,1,0,NA,0,1,NA,NA,1,0,0,1,0,NA,1,0,0,0,0,0,1,1,NA,NA,1,1,1,NA,NA,1,NA,1,1,0,1,NA,1,1,0,0,NA,0,0,1,NA,1,0,NA,1,NA,1,0,1,0,0,NA,NA,NA,NA,NA,1,1,1,1,1,1,0,1,1,1,0,1,NA,NA,NA,NA,1,0,1,1,0,0,1,0,0,1,1,1,1,1,1,1,1,0,NA,0,0,0,0,1,1,1,0,0,0,1,0,0,1,1,NA,0,1,1,1,0,1,0,0,1,0,0,0,0,0,0,0,0,0,0,NA,0,0,0,0,0,1,0,0,0,0,0,NA,1,1,0,1,0,1,1,0,1,0,1,1,0,1,1,1,1,1,1,0,NA,1,0,NA,1,0,0,1,0,NA,1,0,0,0,NA,0,0,0,1,NA,1,1,0,1,1,1,0,1,1,1,1,1,1,0,1,1,1,1,1,1,1,0,1,NA,NA,0,1,1,0,1,0,0,0,0,0,1,0,0,0,NA,0,0,1,1,1,NA,0,1,NA,1,1,1,1,1,1,1,0,1,NA,NA,1,1,1,NA,1,1,1,0,1,1,NA,0,0,0,1,0,0,0,0,1,0,1,1,1,NA,0,0,NA,NA,NA,1,0,1,0,0,1,1,0,1,1,0,0,0,0,1,0,1,1,1,1,0,1,NA,1,1,0,1,NA,NA,1,0,0,1,1,0,NA,NA,0,0,0,1,1,1,NA,0,1,NA,NA,NA,1,NA,NA,NA,NA,0,1
"FISHER (R PA-18)",1,1,0,0,NA,0,NA,1,0,0,1,NA,NA,NA,1,NA,0,0,1,1,1,0,1,1,1,NA,NA,1,1,0,NA,NA,NA,NA,NA,NA,NA,NA,NA,NA,NA,1,0,NA,NA,NA,NA,NA,NA,1,NA,NA,NA,0,NA,NA,1,1,0,0,NA,0,0,1,1,1,0,0,1,1,1,NA,NA,0,0,NA,NA,NA,NA,NA,1,1,1,NA,NA,NA,NA,NA,NA,NA,NA,NA,NA,0,1,1,1,0,1,1,NA,NA,NA,NA,NA,NA,NA,NA,NA,NA,NA,1,1,1,1,0,0,0,NA,NA,NA,NA,0,1,NA,NA,NA,NA,NA,1,1,0,1,1,1,0,1,0,0,1,0,0,0,0,0,0,0,0,0,0,0,NA,NA,0,0,0,1,0,0,0,0,0,0,1,1,0,1,0,1,1,0,1,NA,1,NA,NA,1,1,1,1,1,1,0,1,1,0,NA,1,0,0,NA,0,0,1,NA,1,1,1,NA,NA,0,1,0,1,1,0,1,NA,NA,NA,NA,1,1,1,1,1,0,1,1,1,1,NA,1,1,0,1,0,NA,0,1,1,0,1,0,0,NA,NA,NA,1,NA,NA,0,1,0,NA,NA,1,1,NA,0,1,1,0,0,0,0,1,1,0,1,0,NA,1,1,NA,NA,NA,NA,NA,1,0,1,1,0,0,0,NA,NA,NA,NA,NA,NA,NA,NA,1,NA,NA,0,0,0,1,0,NA,NA,NA,NA,NA,NA,1,1,1,1,1,0,0,0,0,1,NA,NA,1,1,1,0,1,NA,1,1,0,1,1,1,1,0,1,1,1,1,0,0,0,1,1,1,1,1,0,1,1,1,NA,1,1,NA,NA,NA,NA,0,1
"BELTZHOOVER (D PA-19)",1,1,1,NA,NA,0,1,1,1,1,1,1,0,0,1,1,1,1,NA,NA,1,0,0,1,0,1,NA,1,0,NA,1,1,1,NA,0,0,1,1,0,NA,NA,NA,NA,NA,NA,NA,NA,NA,0,NA,NA,0,1,1,1,1,NA,NA,NA,NA,NA,0,0,1,NA,NA,NA,NA,NA,NA,NA,NA,NA,1,1,NA,NA,NA,NA,NA,NA,NA,NA,0,0,NA,NA,NA,NA,0,1,0,0,NA,NA,NA,1,NA,NA,NA,1,NA,0,NA,NA,NA,NA,0,NA,NA,NA,NA,NA,NA,NA,NA,0,1,1,0,0,1,1,0,1,0,0,0,0,NA,NA,NA,NA,NA,NA,1,NA,NA,NA,NA,NA,NA,NA,NA,NA,NA,NA,NA,NA,NA,NA,NA,NA,NA,NA,NA,NA,NA,NA,NA,NA,NA,NA,NA,NA,NA,NA,NA,NA,NA,NA,NA,1,NA,NA,1,NA,NA,0,NA,NA,NA,NA,NA,NA,NA,NA,NA,1,1,0,NA,NA,NA,NA,NA,NA,NA,NA,1,NA,NA,NA,NA,NA,NA,NA,0,0,0,0,NA,NA,NA,NA,NA,NA,NA,NA,NA,NA,NA,NA,NA,NA,NA,0,1,1,NA,NA,NA,NA,NA,NA,NA,NA,NA,NA,NA,NA,NA,NA,NA,NA,NA,NA,NA,NA,NA,NA,NA,0,1,1,1,1,1,NA,NA,NA,0,0,1,NA,NA,NA,NA,NA,1,1,1,1,1,1,1,1,1,1,1,1,1,NA,NA,NA,NA,NA,NA,NA,NA,1,NA,NA,1,0,0,1,0,NA,NA,NA,NA,NA,1,0,1,1,NA,1,1,0,1,1,NA,NA,NA,0,0,0,0,NA,NA,NA,NA,NA,0,0,0,0,0,0,0,0,0,0,0,1,1,0,NA,NA,NA,1,NA,NA,NA,NA,NA,NA
"CURTIN (D PA-20)",1,1,1,NA,NA,NA,NA,NA,1,0,NA,1,1,1,NA,NA,NA,1,NA,NA,NA,NA,1,NA,NA,1,NA,NA,NA,1,1,0,NA,NA,0,1,1,1,1,0,NA,NA,NA,NA,0,1,1,1,0,1,NA,NA,0,1,0,1,NA,NA,1,NA,NA,1,0,1,NA,NA,NA,NA,NA,NA,0,0,1,1,NA,NA,1,NA,NA,1,NA,1,1,0,NA,NA,NA,1,0,0,1,0,NA,NA,NA,NA,1,0,0,1,1,0,1,1,0,1,NA,0,NA,NA,NA,NA,NA,NA,NA,NA,1,1,NA,NA,NA,NA,NA,0,NA,NA,NA,NA,NA,NA,NA,1,NA,NA,NA,1,NA,NA,NA,NA,NA,NA,NA,NA,NA,NA,NA,NA,NA,NA,NA,1,NA,NA,NA,NA,NA,NA,NA,NA,NA,NA,NA,NA,NA,NA,NA,NA,NA,NA,NA,NA,NA,NA,NA,NA,NA,NA,NA,NA,NA,NA,NA,NA,NA,NA,NA,NA,1,1,0,1,1,NA,1,0,NA,NA,1,1,NA,NA,NA,1,0,1,0,NA,NA,1,0,NA,NA,NA,NA,NA,NA,NA,NA,NA,NA,NA,NA,NA,1,NA,0,NA,1,NA,NA,NA,NA,NA,NA,NA,NA,NA,NA,0,1,1,1,NA,0,1,NA,NA,NA,NA,1,1,1,1,1,NA,1,1,0,1,0,1,1,NA,0,1,1,NA,NA,NA,1,1,1,NA,1,1,0,1,1,1,1,NA,1,NA,1,1,1,1,NA,1,NA,1,NA,NA,NA,NA,1,0,0,1,1,0,0,NA,NA,NA,0,1,1,1,0,1,1,0,1,NA,0,0,0,0,NA,0,NA,NA,NA,0,0,1,1,0,0,0,0,0,0,NA,1,NA,0,NA,NA,NA,NA,NA,NA,NA,NA,NA,NA
"WISE (D PA-21)",1,1,1,1,NA,NA,NA,NA,0,1,1,0,1,NA,1,NA,NA,1,NA,1,1,0,NA,NA,NA,1,NA,0,0,1,NA,0,NA,NA,0,1,1,1,NA,NA,NA,NA,NA,NA,NA,NA,NA,1,0,NA,NA,0,1,1,0,1,NA,0,1,1,NA,1,0,1,1,NA,NA,NA,NA,NA,1,0,1,1,1,NA,NA,NA,NA,NA,0,1,1,NA,1,NA,NA,NA,1,0,1,0,1,NA,NA,NA,1,NA,NA,1,1,0,1,0,0,1,NA,1,NA,NA,NA,0,1,NA,0,1,1,NA,NA,NA,NA,NA,NA,NA,NA,NA,NA,NA,NA,NA,NA,NA,NA,NA,NA,1,NA,NA,NA,NA,NA,NA,NA,NA,NA,NA,NA,NA,NA,NA,NA,1,NA,NA,NA,NA,NA,NA,NA,NA,NA,NA,NA,NA,NA,NA,NA,NA,NA,NA,NA,NA,NA,NA,NA,1,NA,NA,0,NA,NA,NA,1,NA,1,0,NA,1,NA,NA,NA,1,1,1,1,NA,NA,1,1,0,NA,NA,0,1,NA,1,NA,0,NA,NA,NA,NA,NA,NA,NA,NA,NA,NA,NA,NA,NA,NA,NA,NA,NA,NA,NA,NA,NA,NA,NA,NA,NA,NA,NA,NA,1,NA,NA,NA,NA,NA,NA,NA,NA,NA,NA,NA,NA,NA,1,1,NA,NA,NA,0,1,NA,0,1,0,NA,NA,NA,NA,NA,NA,NA,NA,NA,NA,NA,NA,NA,NA,NA,NA,NA,NA,NA,NA,NA,NA,NA,NA,NA,NA,1,NA,1,0,NA,NA,0,1,1,0,0,1,1,1,0,1,NA,NA,NA,1,1,1,1,NA,1,1,NA,NA,NA,1,0,1,0,0,0,NA,0,0,0,NA,1,NA,NA,1,1,1,0,0,0,1,1,0,NA,NA,NA,NA,1,NA,NA,NA,1,NA
"ERRETT (R PA-22)",1,1,0,0,1,0,1,1,0,1,1,0,1,1,1,1,0,0,1,1,1,0,0,NA,0,1,1,1,1,0,0,1,0,1,1,0,0,0,0,1,1,1,NA,1,NA,NA,NA,1,0,1,1,1,1,NA,NA,NA,1,1,0,0,0,0,0,1,1,1,0,0,1,1,1,1,1,0,0,NA,NA,NA,1,NA,1,1,1,NA,0,NA,NA,NA,1,0,0,NA,1,0,1,1,1,NA,1,NA,0,0,1,0,0,1,NA,1,1,1,1,1,0,0,1,0,0,0,0,1,1,0,0,NA,0,1,0,0,NA,NA,NA,NA,NA,NA,1,0,1,0,0,1,0,0,0,0,0,0,0,0,0,0,0,0,0,NA,NA,NA,NA,NA,NA,NA,NA,NA,NA,NA,NA,NA,1,NA,1,1,0,1,NA,1,NA,0,1,1,1,1,1,1,0,1,1,0,1,NA,0,0,1,0,0,1,NA,1,1,1,0,0,0,1,1,1,1,0,1,1,1,0,1,NA,1,1,1,1,0,1,1,1,1,1,1,1,0,1,NA,NA,0,1,1,0,1,1,1,1,1,1,0,1,0,0,1,1,0,1,1,1,0,0,NA,NA,NA,0,0,0,1,1,1,0,NA,1,NA,1,NA,NA,NA,1,0,1,0,1,NA,0,0,0,0,1,0,0,0,0,1,0,NA,NA,NA,0,NA,0,0,0,NA,0,1,1,0,0,NA,NA,NA,NA,NA,0,0,0,0,1,0,1,1,1,1,NA,1,1,1,1,0,1,1,1,1,1,1,1,1,1,1,0,1,1,1,1,1,1,0,0,1,1,1,1,1,NA,NA,NA,NA,0,NA
"BAYNE (R PA-23)",1,1,0,0,NA,1,1,1,1,0,0,1,0,1,1,NA,NA,NA,NA,1,0,1,0,1,0,1,NA,1,1,0,0,1,0,1,1,0,0,0,0,1,1,0,1,NA,1,1,1,1,1,NA,NA,1,1,0,1,0,1,1,0,0,NA,0,0,1,NA,1,0,NA,NA,NA,1,0,1,0,0,1,0,1,1,0,1,1,1,1,0,1,0,NA,NA,0,0,1,0,0,1,1,1,1,1,NA,0,0,1,0,1,1,1,1,1,1,1,1,0,0,0,NA,0,0,0,1,1,0,0,1,0,1,0,0,1,1,1,0,1,1,1,0,1,0,0,1,0,0,0,0,0,0,0,0,0,0,0,NA,NA,0,0,0,1,0,0,0,0,0,0,1,1,0,1,0,1,1,0,1,0,1,NA,0,1,1,1,1,1,1,0,1,NA,NA,NA,NA,0,0,1,1,0,1,1,0,1,1,NA,0,0,1,1,1,1,0,1,1,1,0,1,0,1,1,1,1,0,1,1,1,1,1,1,1,0,1,0,NA,0,1,1,0,1,1,1,1,1,1,1,0,1,0,1,1,0,1,1,1,1,NA,NA,1,0,0,0,0,1,1,1,0,1,1,0,1,1,1,NA,NA,NA,1,0,1,1,0,0,1,0,1,0,0,1,0,1,0,1,1,1,0,0,0,0,0,NA,NA,1,1,0,0,1,1,0,1,1,0,0,0,0,1,1,1,1,1,1,0,1,0,0,0,0,0,0,1,1,0,0,1,1,1,1,1,1,1,0,1,0,NA,0,0,1,1,NA,1,1,NA,NA,NA,NA,0,1
"SHALLENBERG (R PA-24)",1,1,0,0,1,0,1,1,0,0,1,1,0,1,1,1,0,0,NA,NA,0,1,NA,1,0,1,1,1,1,0,0,1,0,1,1,0,0,0,0,1,1,1,0,1,1,0,1,1,NA,1,0,1,1,0,1,0,1,1,0,0,0,0,0,NA,NA,NA,NA,NA,NA,NA,1,1,1,0,0,1,1,0,1,0,1,1,1,1,0,1,0,NA,NA,0,0,1,1,0,1,1,1,0,1,1,0,0,1,NA,NA,NA,NA,NA,NA,NA,NA,NA,NA,NA,NA,NA,NA,NA,NA,NA,NA,NA,NA,NA,NA,NA,NA,NA,NA,NA,NA,NA,NA,NA,1,NA,1,0,0,1,0,0,0,0,0,0,0,0,0,0,0,0,0,0,0,0,1,0,0,0,0,0,0,1,1,0,1,0,1,NA,0,1,0,1,1,0,1,1,1,1,1,1,0,1,1,0,0,1,NA,NA,NA,NA,NA,NA,NA,1,0,1,0,0,0,1,NA,1,1,0,1,1,1,0,1,1,1,1,1,1,0,1,1,1,1,1,1,1,0,1,0,NA,0,1,1,0,1,1,0,1,1,1,1,1,0,0,1,1,0,1,0,0,1,0,1,1,0,1,0,0,1,1,1,0,1,0,0,1,1,1,NA,NA,NA,NA,NA,NA,1,0,0,0,0,1,0,0,0,0,1,0,1,1,1,0,0,0,1,0,1,0,1,1,0,0,1,1,1,1,1,0,0,0,0,1,0,1,1,1,1,0,1,1,1,1,0,1,1,1,1,1,1,1,1,1,0,0,0,1,0,1,1,0,1,1,1,1,1,1,NA,1,1,NA,1,0,NA
"MOSGROVE (National Greenbacker PA-25)",0,0,0,1,NA,1,0,NA,0,NA,0,NA,NA,NA,1,0,1,1,NA,1,1,NA,0,NA,1,1,NA,0,0,1,0,0,NA,NA,0,NA,1,1,NA,NA,NA,NA,NA,NA,NA,NA,NA,NA,0,1,NA,0,1,1,NA,1,NA,1,NA,NA,NA,0,0,1,0,NA,NA,NA,NA,NA,1,NA,NA,NA,NA,0,NA,NA,NA,NA,0,0,1,0,0,NA,NA,NA,NA,0,1,0,1,1,0,0,0,NA,NA,1,1,0,1,NA,NA,1,NA,NA,NA,NA,NA,NA,NA,NA,NA,NA,NA,NA,NA,NA,NA,NA,NA,NA,NA,NA,NA,NA,NA,NA,NA,1,NA,NA,NA,1,NA,NA,NA,NA,NA,NA,NA,NA,NA,NA,NA,NA,NA,NA,NA,NA,NA,NA,NA,NA,NA,NA,NA,NA,NA,NA,NA,NA,NA,NA,NA,NA,NA,NA,NA,NA,1,NA,NA,1,NA,NA,0,NA,NA,NA,NA,NA,1,0,NA,NA,NA,NA,1,NA,NA,NA,NA,0,NA,NA,NA,1,NA,NA,1,1,NA,NA,NA,NA,NA,NA,NA,NA,NA,NA,NA,NA,NA,NA,NA,NA,NA,NA,NA,NA,NA,NA,NA,NA,NA,NA,NA,NA,NA,NA,NA,NA,NA,NA,NA,NA,NA,NA,NA,NA,NA,NA,NA,NA,NA,NA,NA,NA,1,NA,1,NA,NA,NA,NA,NA,NA,NA,NA,NA,NA,NA,NA,NA,NA,1,NA,NA,NA,0,NA,NA,NA,NA,NA,0,1,NA,1,NA,NA,1,NA,NA,NA,NA,NA,1,NA,NA,0,1,NA,0,0,1,NA,0,NA,NA,NA,NA,0,1,NA,NA,0,1,NA,NA,NA,NA,NA,NA,NA,NA,NA,NA,NA,NA,NA,NA,NA,NA,NA,NA,NA,NA,NA,NA,NA,NA,NA,NA,NA,NA,NA,NA,NA,NA,NA,NA,NA,NA,NA
"MILLER (R PA-26)",1,1,0,0,NA,0,1,0,0,0,1,0,0,0,1,1,1,1,0,1,0,1,NA,1,1,1,1,0,1,0,0,1,0,1,NA,0,0,0,0,NA,NA,NA,NA,NA,1,1,1,NA,1,1,0,0,1,0,NA,0,1,1,0,0,0,0,0,1,NA,1,0,0,1,1,1,0,1,0,0,1,0,1,1,0,1,0,1,1,0,1,0,1,1,1,1,1,1,0,1,1,NA,NA,NA,0,0,0,1,NA,NA,NA,NA,1,1,NA,NA,1,1,0,NA,0,0,0,0,1,1,0,0,0,0,1,0,0,1,1,1,0,1,1,1,0,1,0,0,1,0,0,0,0,0,0,0,0,0,0,0,0,0,0,0,0,1,0,0,0,0,0,0,1,1,0,1,0,1,1,0,1,0,1,1,0,1,1,1,1,1,1,0,1,1,0,1,1,0,0,1,0,0,1,0,NA,NA,NA,NA,0,0,1,NA,NA,NA,0,1,NA,1,0,1,1,1,1,1,1,0,1,1,1,1,1,1,1,0,1,0,NA,NA,NA,1,0,1,0,0,NA,NA,0,NA,0,NA,1,1,0,0,1,1,1,NA,0,NA,1,1,1,1,1,1,1,1,0,1,1,0,1,1,1,1,NA,NA,1,0,1,1,0,0,0,0,1,0,0,0,0,1,0,1,1,1,1,0,0,1,0,1,0,1,NA,0,0,1,0,1,1,1,0,0,0,0,1,0,1,0,NA,1,0,1,1,0,0,0,0,0,0,1,0,NA,1,1,1,NA,NA,NA,1,1,1,1,1,0,0,0,0,0,0,NA,NA,NA,NA,NA,1,0
"WATSON (R PA-27)",1,1,0,0,NA,0,NA,1,0,0,1,1,NA,1,NA,NA,0,0,NA,0,0,1,NA,1,NA,1,NA,1,NA,0,0,1,0,1,1,0,0,0,NA,NA,1,NA,NA,NA,1,1,1,NA,NA,1,NA,NA,NA,NA,NA,NA,NA,NA,NA,NA,NA,0,0,1,1,1,0,0,NA,NA,1,1,0,NA,NA,1,NA,NA,NA,NA,NA,NA,NA,NA,NA,NA,NA,NA,NA,1,NA,1,1,0,1,1,1,0,1,1,NA,0,1,0,0,1,1,1,1,1,1,1,1,NA,0,0,0,0,0,1,1,0,0,0,0,1,0,0,1,NA,NA,NA,NA,NA,NA,NA,NA,0,0,1,0,0,0,0,0,0,0,NA,0,0,0,0,0,0,0,0,1,0,0,0,0,0,0,1,1,0,1,0,1,1,0,1,0,1,1,0,1,1,1,1,1,1,0,1,1,NA,1,NA,NA,NA,NA,NA,0,1,1,1,NA,1,NA,NA,NA,NA,NA,NA,NA,NA,NA,NA,NA,0,NA,NA,NA,1,1,1,0,1,1,1,1,1,1,1,0,1,NA,NA,NA,1,1,0,1,NA,NA,NA,NA,NA,1,NA,1,0,1,NA,NA,NA,NA,NA,NA,NA,1,1,0,0,0,0,1,NA,NA,NA,NA,NA,NA,NA,NA,NA,NA,NA,NA,1,0,1,NA,NA,0,NA,NA,NA,0,0,0,0,1,0,1,1,1,NA,0,NA,1,0,1,0,1,1,0,0,1,1,1,1,1,0,0,0,0,1,0,1,1,NA,1,0,NA,NA,1,1,0,1,NA,1,1,1,1,1,1,1,0,0,0,1,0,1,1,1,0,1,1,1,1,1,1,1,1,NA,NA,0,1
"ALDRICH (R RI-1)",NA,NA,NA,NA,NA,NA,NA,NA,NA,NA,NA,NA,NA,NA,NA,NA,NA,NA,NA,NA,NA,NA,NA,NA,NA,NA,NA,NA,NA,NA,NA,NA,NA,NA,NA,NA,NA,NA,NA,NA,NA,NA,NA,NA,NA,NA,NA,NA,NA,NA,NA,NA,NA,NA,NA,NA,NA,NA,NA,NA,NA,NA,NA,NA,NA,NA,NA,NA,NA,NA,NA,NA,NA,NA,NA,NA,NA,NA,NA,NA,NA,NA,NA,NA,NA,NA,NA,NA,NA,NA,NA,NA,NA,NA,NA,NA,NA,NA,NA,NA,NA,NA,NA,NA,NA,NA,NA,NA,NA,NA,NA,NA,NA,NA,NA,NA,NA,NA,NA,NA,NA,NA,NA,NA,NA,NA,NA,NA,NA,NA,NA,NA,NA,NA,NA,NA,NA,NA,NA,NA,NA,NA,NA,NA,NA,NA,NA,NA,NA,NA,NA,NA,NA,NA,NA,NA,NA,NA,NA,NA,NA,NA,NA,NA,NA,NA,NA,NA,NA,NA,NA,NA,NA,NA,NA,NA,NA,NA,NA,NA,NA,NA,NA,NA,NA,NA,NA,NA,NA,NA,NA,NA,NA,NA,NA,NA,NA,NA,NA,NA,NA,NA,NA,NA,NA,NA,NA,NA,NA,NA,NA,NA,NA,NA,NA,NA,NA,NA,NA,NA,NA,NA,NA,NA,NA,NA,NA,NA,NA,NA,NA,NA,NA,NA,NA,NA,NA,NA,NA,NA,NA,NA,NA,NA,NA,NA,NA,NA,NA,NA,NA,NA,NA,NA,NA,NA,NA,NA,NA,NA,NA,NA,NA,NA,NA,NA,NA,NA,NA,NA,NA,NA,NA,NA,NA,NA,NA,NA,NA,NA,NA,NA,NA,NA,NA,NA,NA,NA,NA,NA,NA,NA,NA,NA,NA,NA,NA,NA,NA,NA,NA,NA,NA,NA,NA,NA,NA,NA,NA,NA,NA,NA,NA,NA,NA,NA,NA,NA,NA,NA,NA,NA,NA,NA,NA,NA,NA,NA,NA,NA,NA,NA,NA,NA,NA,NA,NA,NA,NA,NA,NA,NA,NA,NA,NA,NA,NA,NA,NA
"SPOONER (R RI-1)",1,1,0,NA,NA,0,1,0,0,1,1,1,NA,NA,1,1,0,NA,1,1,0,1,1,1,1,0,NA,NA,1,0,NA,1,0,1,1,0,0,0,0,NA,NA,NA,NA,NA,1,NA,NA,1,1,1,1,1,NA,0,1,0,NA,NA,0,0,0,0,0,1,NA,1,0,0,1,1,1,1,0,0,0,1,NA,0,1,0,1,1,1,NA,NA,NA,NA,NA,1,1,NA,1,1,0,1,1,1,0,NA,0,0,0,1,0,0,1,1,1,1,1,1,1,0,0,NA,NA,NA,0,0,1,1,0,0,0,0,NA,0,0,1,1,1,0,1,1,1,0,1,0,0,1,0,0,0,0,0,0,0,0,0,0,0,0,0,0,0,0,1,0,0,0,0,0,0,1,1,0,1,0,1,1,0,1,0,1,1,0,1,1,1,1,1,1,0,1,1,0,0,1,0,0,1,0,0,1,1,1,1,1,0,NA,0,1,1,1,1,0,1,1,1,0,1,1,1,1,1,1,0,1,1,1,1,1,1,1,0,1,1,NA,0,1,1,0,1,1,0,1,1,1,1,1,NA,0,NA,1,0,1,1,1,NA,0,1,1,NA,NA,NA,0,1,1,1,0,NA,1,1,1,1,1,NA,NA,NA,1,0,1,1,0,0,0,0,1,0,0,0,0,1,0,1,1,NA,NA,0,0,1,NA,1,0,1,1,0,0,1,1,1,1,1,0,0,0,0,1,0,1,1,1,1,0,1,1,1,1,0,1,1,1,1,1,1,1,1,1,1,1,1,1,0,1,1,1,0,1,1,1,1,1,1,1,1,1,1,0,1
"CHACE (R RI-2)",1,1,0,0,1,NA,1,NA,0,0,1,0,0,1,NA,1,0,1,1,1,0,1,0,1,0,0,NA,NA,NA,0,NA,1,0,1,1,0,0,0,0,1,1,0,0,1,NA,NA,NA,NA,1,1,1,1,1,0,1,0,1,NA,NA,NA,NA,0,0,1,1,1,0,0,1,1,NA,1,0,0,0,1,1,NA,NA,0,1,NA,1,1,0,NA,NA,1,1,1,0,1,1,0,1,1,1,0,1,NA,0,NA,1,0,0,1,1,1,1,1,1,NA,NA,NA,NA,NA,0,0,0,1,1,0,NA,1,0,1,0,0,1,1,1,0,1,1,1,0,1,0,0,1,0,0,0,0,0,0,0,0,0,0,0,0,0,0,0,0,1,0,0,0,0,0,0,1,1,0,1,0,1,1,0,1,0,1,1,0,1,1,1,1,1,1,0,1,1,0,0,NA,NA,NA,NA,NA,0,1,1,0,1,1,0,NA,0,1,1,1,1,NA,NA,1,1,0,1,1,1,1,1,1,0,1,1,1,1,1,1,1,0,1,1,NA,0,1,1,0,1,1,1,1,1,1,1,0,1,NA,NA,NA,NA,NA,NA,1,NA,0,1,NA,0,0,0,0,1,0,1,0,0,1,1,1,NA,1,NA,1,0,NA,0,1,1,0,0,0,0,1,0,0,0,0,1,0,NA,NA,NA,0,0,0,NA,1,NA,NA,NA,NA,0,0,1,1,1,1,1,0,0,0,0,1,0,1,NA,NA,NA,1,1,1,1,1,0,1,1,1,1,1,1,1,1,1,1,1,NA,1,0,1,1,NA,NA,1,1,1,1,1,1,1,1,1,1,0,1
"RICHARDSON (D SC-1)",1,1,1,NA,NA,1,0,1,0,0,0,1,NA,NA,1,1,0,0,NA,NA,NA,NA,1,0,1,0,1,0,0,1,0,1,1,NA,NA,0,0,0,1,NA,1,NA,1,0,NA,1,1,1,0,NA,1,1,1,1,0,0,1,NA,NA,NA,NA,1,0,1,NA,NA,NA,NA,NA,NA,NA,NA,1,1,1,NA,1,1,1,1,NA,NA,NA,0,NA,0,1,0,NA,0,1,0,NA,1,0,NA,NA,NA,NA,NA,NA,NA,NA,1,NA,1,NA,1,1,NA,NA,NA,1,NA,NA,NA,NA,NA,NA,NA,NA,NA,NA,NA,NA,NA,NA,1,1,NA,NA,NA,NA,NA,NA,NA,NA,NA,NA,NA,NA,NA,NA,NA,NA,NA,NA,NA,NA,NA,NA,NA,NA,NA,NA,NA,NA,NA,NA,NA,NA,NA,NA,NA,NA,NA,NA,NA,NA,NA,NA,NA,1,NA,NA,1,NA,NA,0,NA,NA,NA,1,NA,0,1,1,NA,NA,NA,NA,1,NA,NA,1,0,NA,NA,NA,NA,NA,NA,NA,NA,NA,NA,NA,NA,NA,NA,NA,NA,NA,NA,NA,NA,NA,NA,NA,NA,NA,NA,NA,NA,NA,NA,NA,1,1,NA,0,1,NA,NA,NA,NA,NA,NA,NA,NA,NA,NA,NA,NA,NA,NA,NA,NA,NA,1,NA,1,0,1,NA,NA,1,NA,0,1,0,1,1,NA,NA,NA,NA,NA,NA,NA,NA,NA,NA,NA,NA,NA,NA,NA,NA,NA,NA,NA,NA,NA,NA,NA,NA,1,1,NA,0,1,1,NA,NA,NA,1,NA,0,1,1,0,0,NA,1,1,NA,0,1,0,1,1,0,NA,1,0,1,0,1,0,0,0,0,NA,NA,0,0,0,1,1,1,1,0,0,0,1,1,0,NA,NA,NA,NA,NA,NA,NA,NA,NA,NA,NA
"O'CONNOR (D SC-2)",NA,NA,NA,NA,NA,NA,NA,NA,NA,NA,NA,NA,NA,NA,NA,NA,NA,NA,NA,NA,NA,NA,NA,NA,NA,NA,NA,NA,NA,NA,NA,NA,NA,NA,NA,NA,NA,NA,NA,NA,NA,NA,NA,NA,NA,NA,NA,NA,NA,NA,NA,NA,NA,NA,NA,NA,NA,NA,NA,NA,NA,NA,NA,NA,NA,NA,NA,NA,NA,NA,NA,NA,NA,NA,NA,NA,NA,NA,NA,NA,NA,NA,NA,NA,NA,NA,NA,NA,NA,NA,NA,NA,NA,NA,NA,NA,NA,NA,NA,NA,NA,NA,NA,NA,NA,NA,NA,NA,NA,NA,NA,NA,NA,NA,NA,NA,NA,NA,NA,NA,NA,NA,NA,NA,NA,NA,NA,NA,NA,NA,NA,NA,NA,NA,NA,NA,NA,NA,NA,NA,NA,NA,NA,NA,NA,NA,NA,NA,NA,NA,NA,NA,NA,NA,NA,NA,NA,NA,NA,NA,NA,NA,NA,NA,NA,NA,NA,NA,NA,NA,NA,NA,NA,NA,NA,NA,NA,NA,NA,NA,NA,NA,NA,NA,NA,NA,NA,NA,NA,NA,NA,NA,NA,NA,NA,NA,NA,NA,NA,NA,NA,NA,NA,NA,NA,NA,NA,NA,NA,NA,NA,NA,NA,NA,NA,NA,NA,NA,NA,NA,NA,NA,NA,NA,NA,NA,NA,NA,NA,NA,NA,NA,NA,NA,NA,NA,NA,NA,NA,NA,NA,NA,NA,NA,NA,NA,NA,NA,NA,NA,NA,NA,NA,NA,NA,NA,NA,NA,NA,NA,NA,NA,NA,NA,NA,NA,NA,NA,NA,NA,NA,NA,NA,NA,NA,NA,NA,NA,NA,NA,NA,NA,NA,NA,NA,NA,NA,NA,NA,NA,NA,NA,NA,NA,NA,NA,NA,NA,NA,NA,NA,NA,NA,NA,NA,NA,NA,NA,NA,NA,NA,NA,NA,NA,NA,NA,NA,NA,NA,NA,NA,NA,NA,NA,NA,NA,NA,NA,NA,NA,NA,NA,NA,NA,NA,NA,NA,NA,NA,NA,NA,NA,NA,NA,NA,NA,NA,NA,NA
"DIBBLE (D SC-2)",1,1,1,1,NA,0,0,1,1,1,1,NA,0,1,1,1,NA,NA,NA,0,NA,NA,1,0,NA,0,0,NA,NA,NA,NA,NA,NA,NA,NA,NA,NA,NA,NA,NA,NA,0,1,0,NA,NA,NA,NA,NA,NA,NA,1,NA,NA,NA,NA,NA,0,1,1,1,1,1,NA,0,1,NA,1,NA,0,0,0,1,NA,NA,NA,NA,NA,NA,NA,0,0,1,0,1,0,1,0,1,0,NA,0,0,1,0,0,1,0,1,1,1,1,0,NA,NA,NA,NA,NA,NA,NA,NA,NA,NA,NA,NA,NA,1,1,NA,0,0,NA,0,0,1,0,1,0,1,NA,NA,NA,NA,NA,NA,NA,NA,NA,NA,NA,NA,NA,NA,NA,NA,NA,NA,NA,NA,NA,NA,NA,NA,NA,NA,NA,NA,NA,NA,NA,NA,NA,NA,NA,NA,NA,NA,NA,NA,NA,NA,NA,NA,NA,NA,NA,NA,NA,NA,NA,NA,NA,NA,NA,NA,NA,NA,NA,NA,NA,NA,NA,NA,NA,NA,NA,NA,NA,NA,NA,NA,NA,NA,NA,NA,NA,NA,NA,NA,NA,NA,NA,NA,NA,NA,NA,NA,NA,NA,NA,NA,NA,NA,NA,NA,NA,NA,NA,NA,NA,NA,NA,NA,NA,NA,NA,NA,NA,NA,NA,NA,NA,NA,NA,NA,NA,NA,NA,NA,NA,NA,NA,NA,NA,NA,NA,NA,NA,NA,NA,NA,NA,NA,NA,NA,NA,NA,NA,NA,NA,NA,NA,NA,NA,NA,NA,NA,NA,NA,NA,NA,NA,NA,NA,NA,NA,NA,NA,NA,NA,NA,NA,NA,NA,NA,NA,NA,NA,NA,NA,NA,NA,NA,NA,NA,NA,NA,NA,NA,NA,NA,NA,NA,NA,NA,NA,NA,NA,NA,NA,NA,NA,NA,NA,NA,NA,NA,NA,NA,NA,NA,NA,NA,NA,NA,NA,NA,NA,NA,NA,NA,NA,NA,NA,NA,NA,NA,NA,NA
"MACKEY (R SC-2)",NA,NA,NA,NA,NA,NA,NA,NA,NA,NA,NA,NA,NA,NA,NA,NA,NA,NA,NA,NA,NA,NA,NA,NA,NA,NA,NA,NA,NA,NA,NA,NA,NA,NA,NA,NA,NA,NA,NA,NA,NA,NA,NA,NA,NA,NA,NA,NA,NA,NA,NA,NA,NA,NA,NA,NA,NA,NA,NA,NA,NA,NA,NA,NA,NA,NA,NA,NA,NA,NA,NA,NA,NA,NA,NA,NA,NA,NA,NA,NA,NA,NA,NA,NA,NA,NA,NA,NA,NA,NA,NA,NA,NA,NA,NA,NA,NA,NA,NA,NA,NA,NA,NA,NA,NA,NA,NA,NA,NA,NA,NA,NA,NA,NA,NA,NA,NA,NA,NA,NA,NA,NA,NA,NA,NA,NA,NA,NA,NA,NA,NA,NA,NA,NA,NA,NA,NA,NA,NA,NA,NA,NA,NA,NA,NA,NA,NA,NA,NA,NA,NA,NA,NA,NA,NA,NA,NA,NA,NA,NA,NA,NA,NA,NA,NA,NA,NA,NA,NA,NA,NA,NA,NA,NA,NA,NA,NA,NA,1,1,1,1,0,1,1,NA,NA,1,NA,NA,NA,NA,0,1,1,1,1,1,0,0,0,1,NA,NA,NA,NA,1,1,NA,0,1,1,1,1,1,1,0,1,1,1,1,1,1,1,0,1,1,NA,0,NA,NA,NA,NA,NA,NA,NA,NA,NA,NA,1,1,0,1,1,NA,NA,NA,NA,NA,1,NA,1,0,0,0,0,1,NA,0,0,NA,NA,0,NA,1,1,NA,1,0,1,NA,NA,1,0,0,0,0,NA,0,0,0,0,1,0,1,1,0,1,0,NA,NA,NA,NA,0,1,1,0,0,1,0,1,1,1,0,0,0,0,1,1,0,1,NA,NA,1,1,0,1,1,0,1,1,1,1,1,1,1,1,1,1,1,NA,1,NA,1,1,1,1,1,1,1,1,1,NA,1,1,1,1,0,1
"AIKEN (D SC-3)",1,1,1,0,NA,NA,0,0,1,1,1,1,0,0,1,0,1,1,0,NA,1,NA,0,0,0,0,NA,1,0,NA,1,1,1,NA,NA,0,0,0,0,NA,NA,NA,NA,NA,0,1,1,1,0,NA,NA,NA,0,1,0,0,1,0,1,NA,NA,1,0,1,NA,0,1,NA,1,0,1,0,1,1,1,0,1,1,1,1,0,1,1,0,1,NA,NA,0,1,0,1,0,NA,1,NA,NA,NA,NA,NA,1,NA,1,0,0,0,1,1,0,NA,NA,NA,0,1,0,0,1,1,1,1,0,0,1,1,0,1,0,1,0,0,NA,NA,1,NA,NA,NA,1,NA,NA,NA,NA,NA,NA,NA,NA,NA,NA,NA,NA,NA,NA,NA,1,NA,NA,NA,NA,NA,NA,NA,NA,NA,NA,NA,NA,NA,NA,NA,NA,NA,NA,NA,NA,1,NA,NA,NA,NA,NA,0,NA,NA,NA,1,NA,0,1,1,1,NA,NA,NA,NA,NA,NA,NA,0,0,1,1,1,0,0,NA,0,NA,1,1,1,NA,NA,NA,NA,NA,NA,NA,NA,NA,NA,NA,NA,NA,NA,NA,NA,NA,NA,NA,NA,NA,NA,NA,NA,NA,NA,NA,NA,NA,NA,NA,NA,NA,NA,NA,NA,NA,NA,NA,NA,NA,NA,NA,1,1,NA,NA,NA,NA,NA,0,1,1,NA,NA,1,NA,NA,NA,NA,NA,1,1,NA,1,1,NA,1,1,0,1,1,1,1,0,1,NA,1,0,1,1,1,NA,1,0,1,0,1,1,NA,0,1,0,0,0,1,1,1,NA,NA,1,1,1,1,0,0,1,NA,1,0,1,0,0,0,0,NA,NA,0,0,0,NA,1,1,1,1,0,0,1,1,0,0,NA,NA,NA,NA,NA,NA,NA,NA,NA,NA
"EVINS (D SC-4)",1,1,1,1,NA,0,0,0,1,1,1,1,NA,1,1,0,1,1,0,1,1,0,0,0,0,0,0,1,0,1,1,1,1,NA,0,0,0,0,0,1,1,0,1,0,0,1,1,1,0,1,1,0,1,1,0,0,1,0,1,1,NA,1,1,0,0,1,1,1,NA,NA,0,NA,NA,NA,NA,NA,NA,1,1,1,1,0,1,0,1,0,1,0,1,0,1,0,0,1,0,0,1,0,1,1,1,1,0,1,1,0,1,0,NA,NA,NA,0,0,0,0,1,0,0,NA,0,0,0,0,0,1,0,0,0,1,NA,NA,1,NA,NA,NA,1,NA,NA,NA,NA,NA,NA,NA,NA,NA,NA,NA,NA,NA,NA,NA,1,NA,NA,NA,NA,NA,NA,NA,NA,NA,NA,NA,NA,NA,NA,NA,NA,NA,NA,NA,NA,1,NA,NA,1,NA,NA,0,NA,NA,NA,1,NA,0,1,1,0,NA,NA,NA,NA,NA,NA,NA,NA,NA,NA,NA,NA,NA,NA,1,NA,1,1,1,0,1,1,0,0,NA,NA,NA,NA,NA,NA,NA,NA,NA,NA,NA,NA,1,NA,0,1,1,0,0,1,0,1,1,0,1,1,0,0,1,1,0,1,1,0,0,0,0,1,1,1,1,1,1,1,1,1,0,1,0,1,1,1,NA,NA,NA,NA,NA,NA,NA,NA,1,1,1,1,1,0,1,1,1,1,0,1,1,1,0,1,1,1,0,1,1,NA,0,1,1,1,0,1,0,0,0,1,1,1,1,0,1,1,1,1,0,0,1,0,1,0,1,0,0,0,0,NA,NA,0,0,0,NA,1,1,1,0,0,0,1,1,0,0,NA,NA,NA,1,NA,NA,NA,NA,NA,NA
"TILLMAN (D SC-5)",1,1,1,1,NA,1,0,1,0,0,1,1,1,1,1,0,0,0,0,1,0,1,1,0,0,0,1,0,0,1,NA,1,1,NA,0,0,0,0,0,NA,1,0,1,0,0,1,1,1,0,1,1,1,1,1,0,0,1,0,1,1,1,1,1,0,0,1,1,1,1,0,1,0,1,1,1,0,1,1,1,1,0,0,1,0,1,0,1,0,1,0,1,0,0,1,NA,NA,NA,0,1,1,1,1,0,1,1,1,1,1,NA,NA,NA,0,0,0,0,NA,0,1,1,0,0,0,0,0,1,0,1,0,1,NA,NA,NA,NA,NA,NA,1,NA,NA,NA,NA,NA,NA,NA,NA,NA,NA,NA,NA,NA,NA,NA,1,NA,NA,NA,NA,NA,NA,NA,NA,NA,NA,NA,NA,NA,NA,NA,NA,NA,NA,NA,NA,1,NA,NA,1,NA,NA,0,NA,NA,NA,1,NA,0,1,1,1,1,1,1,1,1,1,1,0,0,1,1,1,1,1,1,1,0,1,1,0,NA,1,0,NA,NA,NA,NA,NA,NA,NA,NA,NA,NA,NA,NA,NA,NA,NA,NA,NA,NA,NA,NA,NA,NA,NA,NA,NA,NA,NA,NA,NA,NA,NA,NA,NA,NA,NA,NA,NA,NA,NA,NA,NA,NA,NA,NA,NA,NA,NA,NA,NA,NA,NA,NA,NA,NA,NA,NA,NA,NA,NA,NA,NA,NA,NA,NA,NA,NA,NA,NA,NA,NA,NA,NA,NA,NA,NA,NA,NA,NA,NA,NA,NA,NA,NA,NA,NA,NA,NA,NA,NA,NA,NA,NA,NA,NA,NA,NA,NA,NA,NA,NA,NA,NA,NA,NA,NA,NA,NA,NA,NA,NA,NA,NA,NA,NA,NA,NA,NA,NA,NA,NA,NA,NA,NA,NA,NA,NA,NA,NA,NA,NA,NA,NA,NA,NA,NA,NA,NA,NA
"SMALLS (R SC-5)",NA,NA,NA,NA,NA,NA,NA,NA,NA,NA,NA,NA,NA,NA,NA,NA,NA,NA,NA,NA,NA,NA,NA,NA,NA,NA,NA,NA,NA,NA,NA,NA,NA,NA,NA,NA,NA,NA,NA,NA,NA,NA,NA,NA,NA,NA,NA,NA,NA,NA,NA,NA,NA,NA,NA,NA,NA,NA,NA,NA,NA,NA,NA,NA,NA,NA,NA,NA,NA,NA,NA,NA,NA,NA,NA,NA,NA,NA,NA,NA,NA,NA,NA,NA,NA,NA,NA,NA,NA,NA,NA,NA,NA,NA,NA,NA,NA,NA,NA,NA,NA,NA,NA,NA,NA,NA,NA,NA,NA,NA,NA,NA,NA,NA,NA,NA,NA,NA,NA,NA,NA,NA,NA,NA,NA,NA,NA,NA,NA,NA,NA,NA,NA,NA,NA,NA,NA,NA,NA,NA,NA,NA,NA,NA,NA,NA,NA,NA,NA,NA,NA,NA,NA,NA,NA,NA,NA,NA,NA,NA,NA,NA,NA,NA,NA,NA,NA,NA,NA,NA,NA,NA,NA,NA,NA,NA,NA,NA,NA,NA,NA,NA,NA,NA,NA,NA,NA,NA,NA,NA,NA,NA,NA,NA,NA,NA,NA,NA,NA,NA,NA,NA,NA,NA,NA,NA,NA,NA,NA,NA,NA,NA,NA,NA,NA,NA,NA,NA,NA,NA,1,1,1,1,0,1,1,NA,0,1,1,0,1,1,0,NA,1,1,NA,NA,NA,0,1,1,0,1,NA,1,NA,1,1,1,0,1,0,0,NA,NA,1,0,1,1,1,NA,1,1,1,1,0,1,0,0,1,NA,1,0,0,1,0,0,0,0,1,0,1,1,1,1,0,0,1,NA,1,NA,1,1,0,0,1,0,1,1,1,0,0,0,0,1,1,1,1,1,1,0,1,0,0,1,0,1,1,1,1,1,1,1,1,1,1,1,1,1,NA,1,1,1,0,1,1,1,1,1,1,1,NA,1,1,0,1
"PETTIBONE (R TN-1)",1,1,0,0,1,0,1,1,0,1,1,1,0,1,1,1,0,0,1,1,0,NA,0,1,1,1,1,NA,1,0,0,1,0,1,1,0,0,0,1,0,1,1,0,NA,1,1,1,1,1,1,1,NA,NA,NA,1,0,1,1,0,NA,0,0,0,1,NA,NA,NA,NA,NA,NA,NA,NA,NA,1,NA,1,1,0,0,NA,NA,1,NA,1,NA,0,1,1,1,1,NA,1,NA,0,1,1,1,NA,NA,NA,0,NA,NA,NA,NA,NA,NA,NA,NA,NA,NA,NA,NA,0,1,0,NA,NA,0,1,1,0,0,0,0,1,0,0,1,1,1,NA,1,1,1,0,1,0,0,1,0,0,0,0,0,0,0,0,0,0,0,0,0,0,0,0,1,0,0,0,0,0,0,1,1,0,1,0,1,1,0,1,0,1,1,0,1,1,1,1,1,1,NA,NA,1,NA,NA,1,0,0,1,1,NA,1,1,1,NA,1,0,0,0,1,1,1,NA,NA,NA,NA,1,0,NA,1,1,1,1,1,0,1,1,1,1,1,1,1,0,1,NA,NA,NA,1,1,0,1,NA,NA,NA,1,1,1,0,1,NA,NA,NA,NA,NA,NA,NA,NA,1,NA,1,0,1,0,0,NA,1,0,0,1,0,0,1,NA,0,0,NA,NA,NA,0,1,NA,0,0,0,NA,NA,NA,0,0,1,1,0,1,1,1,1,0,NA,1,1,1,NA,1,1,0,0,1,1,1,NA,1,0,0,0,0,1,0,1,1,1,1,0,1,0,1,1,0,1,1,1,1,1,1,1,NA,NA,NA,1,1,1,NA,1,NA,NA,0,1,1,1,1,1,1,1,1,1,1,0,1
"HOUK (R TN-2)",1,1,0,0,1,0,1,1,0,0,1,1,0,1,1,1,0,0,1,1,0,1,1,1,0,NA,1,1,1,0,NA,1,0,1,1,0,0,0,1,0,1,NA,NA,NA,1,0,1,1,NA,NA,NA,NA,NA,1,NA,NA,1,NA,NA,NA,NA,NA,NA,NA,0,1,0,0,1,1,1,1,1,1,0,NA,NA,NA,NA,NA,NA,NA,1,1,0,0,1,1,NA,NA,NA,NA,NA,NA,NA,NA,NA,NA,NA,NA,NA,NA,NA,0,0,1,1,1,1,1,1,0,1,1,0,0,0,0,0,1,1,0,0,0,0,1,0,0,1,1,1,0,1,1,1,0,1,0,0,1,0,0,0,0,0,0,0,0,0,0,0,0,0,0,0,0,1,0,0,0,0,0,0,1,1,0,1,0,1,1,0,1,0,1,1,0,1,1,1,1,1,1,0,1,NA,NA,NA,NA,0,0,1,1,0,1,1,NA,NA,NA,NA,NA,NA,NA,NA,NA,NA,NA,NA,1,1,0,1,1,1,1,1,1,0,1,1,1,1,1,1,1,0,1,0,NA,0,1,1,0,1,1,1,0,1,1,1,NA,NA,NA,NA,NA,NA,NA,NA,NA,NA,1,NA,1,0,0,0,0,1,1,0,0,1,1,0,1,1,0,1,1,0,1,0,1,1,0,NA,NA,0,1,0,NA,NA,NA,NA,NA,NA,NA,NA,NA,NA,NA,1,1,1,0,1,1,0,0,1,1,1,1,1,0,0,0,0,1,0,1,1,1,1,1,1,0,NA,1,0,1,NA,NA,NA,NA,NA,1,1,1,1,1,1,1,1,1,1,1,1,1,1,1,1,1,1,1,1,1,NA,0,1
"DIBRELL (D TN-3)",1,1,1,1,NA,1,0,0,1,0,0,1,1,0,1,0,1,1,0,0,1,0,1,0,0,NA,0,0,0,1,1,0,1,NA,0,1,1,1,1,NA,0,0,1,NA,0,1,1,1,0,1,1,0,0,1,0,1,1,0,1,1,1,1,1,0,0,0,1,1,NA,NA,0,0,1,1,1,0,0,NA,NA,1,0,0,1,0,1,0,1,0,0,0,1,NA,NA,NA,NA,NA,NA,NA,NA,NA,NA,NA,NA,NA,NA,NA,NA,NA,NA,NA,NA,NA,NA,NA,NA,NA,NA,NA,NA,NA,NA,NA,NA,NA,NA,NA,NA,NA,NA,NA,NA,NA,NA,NA,NA,NA,NA,NA,NA,NA,NA,NA,NA,NA,NA,NA,NA,NA,NA,NA,NA,NA,NA,NA,NA,NA,NA,NA,NA,NA,NA,NA,NA,NA,NA,NA,NA,NA,NA,NA,NA,NA,NA,NA,NA,NA,NA,NA,NA,NA,NA,NA,1,NA,0,1,1,0,1,1,0,1,1,0,1,0,0,1,1,1,1,0,1,0,0,1,0,0,0,1,0,0,NA,NA,NA,NA,NA,NA,NA,NA,NA,NA,NA,NA,1,NA,0,1,1,0,0,1,0,0,0,0,1,0,0,NA,1,1,0,1,1,0,NA,NA,NA,1,1,1,1,1,1,1,1,1,0,1,0,NA,NA,NA,NA,NA,NA,NA,NA,NA,NA,NA,NA,NA,0,1,1,0,1,1,1,1,NA,NA,1,1,0,1,1,1,1,1,0,1,0,0,1,1,0,1,0,0,0,NA,NA,NA,1,0,1,0,0,0,0,1,1,0,0,0,1,0,NA,NA,NA,NA,NA,0,0,0,1,1,1,0,0,NA,NA,NA,1,0,0,NA,NA,NA,0,NA,NA,NA,NA,NA,NA
"MCMILLIN (D TN-4)",1,1,1,1,NA,1,0,0,1,0,0,1,1,0,1,0,1,1,0,NA,1,0,1,0,0,1,0,0,0,1,1,0,1,NA,0,1,1,1,1,0,0,0,1,0,0,1,0,1,0,1,0,NA,0,1,0,1,1,0,1,1,1,1,1,0,0,0,1,1,NA,0,0,0,1,1,1,0,0,0,0,1,0,0,NA,0,1,0,1,0,0,0,1,0,0,1,0,0,0,1,1,NA,1,1,0,1,0,1,NA,0,NA,NA,NA,0,1,1,0,1,1,1,1,0,0,1,1,0,1,0,1,1,0,NA,NA,1,NA,NA,NA,1,NA,NA,NA,NA,NA,NA,NA,NA,NA,NA,NA,NA,NA,NA,NA,1,NA,NA,NA,NA,NA,NA,NA,NA,NA,NA,NA,NA,NA,NA,NA,NA,NA,NA,NA,NA,1,NA,NA,1,NA,NA,0,NA,NA,NA,1,NA,0,1,1,0,1,1,0,1,NA,0,NA,0,0,0,1,1,1,0,0,0,0,1,0,0,0,1,0,NA,NA,NA,NA,NA,0,NA,NA,NA,NA,NA,NA,NA,1,NA,NA,1,1,0,0,1,0,0,0,0,0,0,0,1,1,1,0,1,1,0,0,0,0,1,1,1,1,1,1,1,1,1,0,1,1,1,1,1,0,1,0,NA,1,NA,1,0,NA,1,1,1,1,0,1,1,1,1,1,1,1,1,0,1,1,1,1,1,0,1,0,0,1,1,0,1,0,0,0,1,1,1,1,0,1,1,0,0,0,0,0,0,0,0,1,0,0,0,0,NA,NA,0,0,0,1,1,1,0,0,0,0,0,1,0,0,NA,NA,NA,NA,NA,NA,NA,NA,NA,NA
"WARNER (D TN-5)",1,1,1,1,NA,1,0,0,1,0,0,1,0,0,1,0,1,1,0,0,1,0,0,0,0,1,0,0,0,1,1,0,1,NA,0,1,1,1,0,0,0,0,1,0,0,1,0,1,0,1,0,0,0,1,0,1,1,0,1,1,1,1,1,0,0,0,1,1,0,0,0,0,1,1,1,0,0,0,0,1,0,0,1,0,1,0,1,0,0,0,1,0,0,1,0,0,0,0,1,1,1,1,0,1,0,1,1,0,NA,NA,NA,0,1,0,0,1,1,1,1,0,0,1,1,0,1,0,1,1,0,NA,NA,1,NA,NA,NA,1,NA,NA,NA,NA,NA,NA,NA,NA,NA,NA,NA,NA,NA,NA,NA,1,NA,NA,NA,NA,NA,NA,NA,NA,NA,NA,NA,NA,NA,NA,NA,NA,NA,NA,NA,NA,1,NA,NA,1,NA,NA,0,NA,NA,NA,1,NA,0,1,1,0,1,1,0,1,1,0,0,0,0,0,1,1,1,0,0,0,0,1,0,0,0,1,0,0,NA,NA,NA,NA,1,NA,NA,NA,NA,NA,NA,NA,1,NA,0,1,1,0,0,1,NA,0,0,0,0,0,0,0,1,1,0,0,1,0,0,0,1,1,1,1,1,1,1,1,1,1,0,0,1,1,0,0,1,0,0,0,1,1,1,0,0,1,1,1,1,0,1,1,1,1,1,1,1,1,0,1,1,1,1,1,0,1,0,0,1,1,0,1,0,0,0,1,1,1,1,0,NA,NA,NA,NA,NA,NA,NA,NA,0,0,1,0,0,NA,0,NA,NA,0,0,0,1,1,0,0,0,0,0,0,1,0,0,NA,NA,NA,0,NA,NA,NA,NA,NA,NA
"HOUSE (D TN-6)",1,1,1,1,0,1,0,0,1,0,0,1,1,1,1,0,NA,NA,0,NA,0,NA,1,0,0,NA,1,0,0,1,1,0,1,NA,0,1,1,1,NA,0,0,0,1,0,0,1,1,1,0,1,1,NA,NA,1,0,1,1,0,1,1,1,1,1,0,0,0,1,1,NA,0,0,0,1,1,1,0,1,0,0,1,0,0,1,0,1,0,1,NA,NA,0,1,0,NA,1,0,0,0,NA,NA,1,NA,1,0,NA,NA,1,NA,0,0,NA,NA,0,1,0,NA,1,NA,1,1,0,0,1,1,0,NA,0,1,0,0,NA,NA,NA,NA,NA,NA,1,NA,NA,NA,NA,NA,NA,NA,NA,NA,NA,NA,NA,NA,NA,NA,1,NA,NA,NA,NA,NA,NA,NA,NA,NA,NA,NA,NA,NA,NA,NA,NA,NA,NA,NA,NA,1,NA,NA,1,NA,NA,0,NA,NA,NA,1,NA,0,1,1,0,1,1,0,1,NA,0,1,0,0,1,1,NA,NA,0,0,0,0,1,0,0,NA,1,0,0,NA,NA,NA,NA,NA,NA,NA,NA,NA,NA,NA,NA,1,NA,NA,1,1,0,0,1,0,0,1,0,NA,0,0,0,1,1,0,1,1,0,0,NA,NA,1,1,1,1,1,1,1,1,1,0,1,0,1,1,NA,NA,NA,NA,NA,NA,NA,NA,NA,1,NA,NA,1,1,0,1,1,1,1,1,1,NA,1,0,1,1,1,0,NA,NA,NA,NA,0,1,1,0,1,0,0,0,1,1,1,1,0,1,0,0,0,0,0,1,NA,0,0,1,0,0,0,0,NA,NA,0,0,0,1,1,1,0,NA,NA,0,0,1,0,0,NA,NA,NA,1,NA,NA,NA,NA,NA,NA
"WHITTHORNE (D TN-7)",1,1,1,1,NA,1,0,0,0,0,NA,1,1,1,1,0,1,1,0,0,1,0,1,0,0,1,0,0,0,1,1,0,1,NA,0,1,1,1,1,1,NA,NA,NA,NA,0,1,0,1,NA,1,1,1,NA,1,NA,NA,NA,NA,NA,NA,NA,NA,NA,NA,0,0,NA,NA,NA,NA,0,0,1,1,1,0,1,0,0,1,0,0,1,0,1,0,1,0,0,0,1,0,0,1,0,0,0,1,NA,0,1,1,0,NA,NA,1,0,0,NA,NA,NA,0,1,1,0,1,NA,1,1,0,0,1,1,1,1,0,1,1,0,NA,NA,1,NA,NA,NA,1,NA,NA,NA,NA,NA,NA,NA,NA,NA,NA,NA,NA,NA,NA,NA,1,NA,NA,NA,NA,NA,NA,NA,NA,NA,NA,NA,NA,NA,NA,NA,NA,NA,NA,NA,NA,1,NA,NA,1,NA,NA,0,NA,NA,NA,NA,NA,NA,NA,NA,NA,NA,NA,NA,NA,1,0,0,0,0,NA,NA,NA,1,0,0,NA,1,1,0,NA,0,1,0,0,NA,NA,NA,NA,NA,NA,NA,NA,NA,NA,NA,NA,1,NA,0,1,1,0,0,1,0,0,0,0,0,0,0,1,1,1,0,0,NA,0,NA,0,1,NA,1,1,0,0,0,NA,NA,NA,NA,0,0,NA,0,0,0,0,1,0,NA,NA,NA,0,0,1,1,1,1,0,1,1,1,1,1,NA,NA,1,NA,1,1,1,0,1,NA,0,1,0,1,1,0,1,0,0,0,1,1,1,1,0,1,0,1,0,0,0,0,0,1,0,0,0,NA,NA,NA,0,0,0,0,0,1,1,0,NA,1,NA,NA,0,1,0,0,NA,NA,NA,0,NA,NA,NA,NA,1,NA
"ATKINS (D TN-8)",1,1,1,1,0,1,0,0,1,1,0,1,0,0,1,0,0,NA,0,0,0,1,0,0,0,0,NA,1,0,NA,NA,0,1,NA,0,1,1,NA,NA,NA,1,0,1,NA,0,1,0,1,0,1,1,0,1,1,0,1,1,NA,1,1,NA,1,0,1,NA,0,1,1,NA,0,NA,0,1,1,1,0,0,NA,NA,NA,0,0,1,0,1,0,1,0,0,0,1,0,0,1,0,0,0,NA,1,NA,NA,1,0,NA,NA,NA,NA,1,NA,NA,NA,0,1,NA,0,1,1,1,1,0,0,1,1,0,1,0,1,0,0,NA,NA,1,NA,NA,NA,1,NA,NA,NA,NA,NA,NA,NA,NA,NA,NA,NA,NA,NA,NA,NA,NA,NA,NA,NA,NA,NA,NA,NA,NA,NA,NA,NA,NA,NA,NA,NA,NA,NA,NA,NA,NA,1,NA,NA,1,NA,NA,0,NA,NA,NA,1,NA,0,1,1,0,NA,1,0,1,1,0,1,0,0,1,1,1,1,0,NA,0,0,1,0,0,1,1,0,0,NA,NA,NA,NA,NA,NA,NA,NA,NA,NA,NA,NA,NA,NA,NA,1,1,0,0,1,0,0,NA,NA,NA,NA,NA,0,1,1,1,1,1,0,NA,NA,0,1,1,1,NA,NA,1,1,1,1,0,1,0,1,1,0,0,1,0,0,1,1,1,0,NA,NA,1,1,1,0,1,1,1,1,1,1,1,1,0,1,1,1,0,1,1,1,0,0,1,1,0,NA,0,0,0,1,1,NA,1,0,1,0,0,1,0,1,1,0,0,0,1,0,0,0,0,NA,NA,0,0,0,1,1,1,0,0,0,0,0,1,0,0,NA,NA,NA,0,NA,NA,NA,NA,NA,NA
"SIMONTON (D TN-9)",1,1,1,1,NA,1,0,0,1,1,0,1,1,0,1,0,1,1,0,0,1,0,1,1,0,1,0,0,0,1,NA,0,1,NA,0,1,1,NA,1,NA,NA,NA,NA,NA,0,1,0,NA,0,1,NA,0,NA,1,0,1,NA,0,NA,1,1,1,NA,NA,0,0,1,NA,NA,NA,0,0,1,1,1,0,0,NA,NA,1,0,0,1,NA,NA,0,1,0,0,0,1,0,0,1,0,NA,NA,NA,NA,NA,NA,NA,NA,NA,NA,NA,NA,NA,NA,NA,NA,NA,NA,NA,NA,NA,NA,NA,NA,NA,NA,NA,1,0,1,0,1,0,0,NA,NA,NA,NA,NA,NA,1,NA,NA,NA,NA,NA,NA,NA,NA,NA,NA,NA,NA,NA,NA,NA,1,NA,NA,NA,NA,NA,NA,NA,NA,NA,NA,NA,NA,NA,NA,NA,NA,NA,NA,NA,NA,1,NA,NA,1,NA,NA,0,NA,NA,NA,1,NA,0,1,1,NA,1,1,0,1,NA,0,NA,0,0,0,1,1,1,0,0,0,0,1,0,0,0,1,0,0,NA,NA,NA,NA,1,NA,NA,NA,NA,NA,NA,NA,1,NA,0,1,1,0,0,1,0,0,1,0,0,0,0,0,1,1,0,1,NA,NA,0,0,0,1,1,1,NA,NA,NA,NA,NA,NA,1,0,0,1,0,0,0,0,0,NA,NA,NA,NA,NA,NA,1,1,1,1,0,1,1,1,1,0,1,1,1,0,1,1,1,0,NA,NA,1,1,0,1,1,0,1,1,0,0,1,1,1,1,0,1,0,0,0,0,NA,NA,NA,0,0,0,0,0,0,0,NA,NA,0,0,0,0,1,1,0,1,0,0,0,1,0,NA,NA,NA,NA,NA,NA,NA,NA,NA,NA,NA
"MOORE (R TN-10)",1,1,0,0,NA,0,1,0,0,1,1,1,0,NA,1,1,0,0,NA,1,0,1,0,1,0,1,1,1,1,0,NA,1,0,1,1,0,0,0,0,0,NA,1,0,NA,NA,0,NA,1,1,1,NA,1,NA,0,1,0,1,1,0,0,0,0,0,1,0,1,0,0,1,1,1,NA,0,0,0,1,1,1,1,0,1,1,0,1,0,0,1,1,1,1,0,1,1,0,1,1,1,0,1,1,0,0,1,0,0,1,1,1,1,1,1,1,0,1,0,0,0,0,0,1,1,0,0,0,0,1,0,0,1,1,1,0,1,1,1,0,1,0,0,1,0,0,0,0,0,0,0,0,0,0,0,0,0,0,0,0,1,0,0,0,0,0,0,1,1,0,1,0,1,1,0,1,0,1,1,0,1,1,1,1,1,1,0,1,1,0,0,1,0,0,1,NA,0,1,1,1,NA,1,0,0,0,1,1,1,1,0,1,1,1,0,1,1,1,1,1,1,0,1,1,1,1,1,1,1,0,1,1,NA,0,1,1,0,1,1,0,1,1,1,1,NA,1,NA,NA,NA,NA,NA,NA,NA,NA,NA,NA,1,0,0,0,0,1,1,1,0,1,0,0,1,1,0,NA,1,0,1,1,0,1,0,0,0,0,1,0,0,0,0,1,0,1,1,1,1,0,0,1,1,NA,0,1,1,0,0,1,1,1,1,1,0,0,0,0,1,0,1,1,1,1,1,1,0,1,1,0,1,1,1,1,1,1,1,1,1,1,1,1,1,1,1,1,1,1,1,NA,1,1,1,1,0,1,1,1,0,1
"REAGAN (D TX-1)",1,1,1,1,0,1,0,0,1,1,1,1,1,0,1,0,1,NA,0,1,1,0,1,0,0,NA,1,1,0,1,0,1,1,NA,0,0,0,0,1,NA,0,1,1,0,0,1,1,1,1,1,1,0,0,1,0,1,1,0,1,1,1,1,1,0,NA,NA,NA,NA,NA,NA,NA,0,1,1,1,0,0,1,0,1,0,0,1,0,1,0,1,0,0,0,1,0,0,1,0,0,NA,NA,NA,1,1,1,0,1,1,1,NA,0,NA,NA,NA,0,1,NA,0,1,NA,1,1,0,0,1,1,0,1,0,1,0,0,NA,NA,1,NA,NA,NA,1,NA,NA,NA,NA,NA,NA,NA,NA,NA,NA,NA,NA,NA,NA,NA,1,NA,NA,NA,NA,NA,NA,NA,NA,NA,NA,NA,NA,NA,NA,NA,NA,NA,NA,NA,NA,1,NA,NA,1,NA,NA,0,NA,NA,NA,NA,NA,0,1,1,0,1,1,0,1,1,0,1,0,0,1,1,1,NA,0,0,0,0,1,0,0,NA,NA,NA,NA,NA,NA,NA,NA,NA,NA,NA,NA,NA,NA,NA,NA,NA,NA,NA,NA,NA,NA,0,1,0,0,1,0,1,1,1,0,0,1,0,1,1,0,0,NA,1,NA,NA,1,1,1,1,1,1,1,0,1,1,1,1,0,0,NA,1,0,1,1,1,0,NA,1,0,NA,NA,NA,NA,NA,NA,NA,NA,NA,NA,NA,NA,1,1,1,1,NA,NA,1,0,NA,1,1,0,1,0,0,0,1,1,NA,1,0,1,0,0,0,0,1,1,0,0,0,1,0,0,0,0,NA,NA,0,0,0,NA,NA,NA,NA,NA,NA,NA,NA,NA,NA,NA,NA,NA,NA,NA,NA,NA,NA,NA,NA,NA
"CULBERSON (D TX-2)",1,1,NA,1,NA,0,0,1,1,1,NA,1,1,0,1,0,1,0,0,1,1,0,1,1,1,1,1,0,0,1,1,1,1,1,0,0,0,0,1,NA,NA,NA,NA,NA,0,NA,NA,1,0,NA,1,0,1,1,0,0,1,NA,NA,NA,NA,NA,NA,NA,NA,NA,NA,NA,NA,NA,NA,0,1,1,1,0,0,1,1,1,0,0,1,0,1,0,1,0,0,0,1,0,0,1,NA,0,0,NA,NA,1,1,1,0,0,0,1,NA,0,NA,NA,NA,0,1,0,1,0,NA,NA,1,NA,NA,1,1,0,1,0,1,1,0,NA,NA,1,NA,NA,NA,NA,NA,NA,NA,NA,NA,NA,NA,NA,NA,NA,NA,NA,NA,NA,NA,1,NA,NA,NA,NA,NA,NA,NA,NA,NA,NA,NA,NA,NA,NA,NA,NA,NA,NA,NA,NA,NA,NA,NA,1,NA,NA,NA,NA,NA,NA,1,NA,0,1,1,0,NA,NA,NA,1,1,0,1,0,NA,1,1,1,NA,0,0,0,0,1,0,0,0,1,0,0,NA,NA,NA,NA,1,NA,NA,NA,NA,NA,NA,NA,1,NA,0,1,1,0,0,1,0,0,NA,0,1,1,1,0,0,1,0,1,NA,NA,0,0,0,NA,NA,NA,1,1,0,NA,NA,NA,0,0,0,1,0,1,1,1,NA,0,1,1,1,0,1,1,1,1,1,0,1,1,1,1,1,1,1,1,0,1,1,1,1,1,NA,NA,NA,NA,NA,1,0,NA,0,0,0,1,0,0,1,NA,1,1,0,0,0,1,1,0,0,0,0,0,0,0,0,NA,NA,0,0,0,1,1,1,0,0,0,0,0,1,0,0,NA,NA,NA,NA,NA,NA,NA,NA,NA,NA
"WELLBORN (D TX-3)",1,1,1,1,NA,1,0,0,1,1,0,1,0,NA,1,0,1,1,0,1,1,0,1,0,0,1,1,0,0,1,1,1,1,NA,0,0,0,0,1,NA,1,NA,NA,NA,NA,1,1,1,0,NA,NA,NA,NA,NA,0,1,NA,0,1,1,NA,1,1,0,0,0,1,1,NA,NA,0,0,1,1,1,NA,NA,1,1,1,0,0,1,0,1,0,1,0,0,0,1,0,0,1,NA,0,0,0,1,1,1,1,0,1,1,1,0,0,NA,NA,NA,0,1,0,0,1,1,1,1,0,0,1,1,0,1,0,1,1,0,NA,NA,1,NA,NA,NA,1,NA,NA,NA,NA,NA,NA,NA,NA,NA,NA,NA,NA,NA,NA,NA,1,NA,NA,NA,NA,NA,NA,NA,NA,NA,NA,NA,NA,NA,NA,NA,NA,NA,NA,NA,NA,1,NA,NA,1,NA,NA,0,NA,NA,NA,1,NA,0,1,1,0,1,1,0,1,1,0,1,0,0,1,1,1,NA,0,1,0,0,1,0,0,NA,1,0,0,NA,NA,NA,NA,NA,NA,NA,NA,NA,NA,NA,NA,1,NA,NA,1,1,0,0,1,0,0,0,0,1,1,1,0,0,1,0,1,1,0,0,0,NA,NA,NA,NA,1,1,1,1,1,1,NA,1,1,1,1,0,0,0,0,0,1,1,1,0,0,1,1,1,1,0,1,1,1,1,1,1,NA,1,0,1,1,1,1,NA,0,1,0,0,1,NA,0,0,NA,NA,0,NA,NA,NA,NA,NA,NA,NA,0,0,0,0,1,0,NA,0,1,0,NA,NA,NA,NA,NA,0,0,0,1,1,1,0,0,0,0,0,1,0,0,NA,NA,NA,0,NA,NA,NA,NA,NA,NA
"MILLS (D TX-4)",NA,NA,NA,1,NA,1,0,0,0,0,0,1,0,1,1,0,1,1,NA,1,1,0,0,0,0,1,1,0,NA,1,1,1,1,NA,0,0,0,0,NA,NA,1,0,1,NA,0,NA,NA,1,0,NA,NA,NA,NA,1,NA,1,1,0,1,1,NA,1,1,0,0,0,1,NA,NA,NA,0,0,1,1,1,0,0,NA,NA,1,0,0,NA,NA,NA,1,1,NA,NA,NA,1,0,NA,1,0,0,0,NA,NA,NA,NA,1,0,1,1,1,1,NA,NA,NA,NA,0,1,0,0,1,1,1,1,0,0,1,1,0,1,0,1,1,0,NA,NA,1,NA,NA,NA,1,NA,NA,NA,NA,NA,NA,NA,NA,NA,NA,NA,NA,NA,NA,NA,1,NA,NA,NA,NA,NA,NA,NA,NA,NA,NA,NA,NA,NA,NA,NA,NA,NA,NA,NA,NA,1,NA,NA,1,NA,NA,NA,NA,NA,NA,1,NA,0,1,1,0,1,1,0,1,1,0,NA,0,0,1,NA,1,NA,0,NA,0,0,NA,0,0,NA,NA,NA,NA,NA,NA,NA,NA,1,NA,NA,NA,NA,NA,NA,NA,NA,NA,0,1,1,NA,0,1,0,0,0,0,0,0,1,0,0,1,0,1,1,0,0,0,1,1,1,1,1,1,1,1,1,1,0,1,1,0,1,0,NA,0,1,0,1,1,1,0,NA,1,1,1,1,0,1,1,1,1,1,1,1,1,0,1,0,1,1,1,0,1,1,0,1,1,0,0,0,0,0,1,1,1,1,0,1,NA,0,NA,0,0,1,NA,0,0,1,0,0,0,0,NA,NA,0,0,0,1,1,1,0,0,0,0,0,1,0,0,NA,NA,NA,NA,NA,NA,NA,NA,1,NA
"JONES (National Greenbacker TX-5)",0,0,0,0,NA,1,0,0,0,0,0,1,0,1,1,1,1,1,1,NA,0,1,0,0,0,1,1,0,1,1,0,1,1,0,NA,0,0,0,1,NA,0,0,1,0,0,1,1,1,0,1,NA,1,1,1,1,0,1,0,1,1,1,1,1,0,1,0,NA,NA,0,1,1,1,1,1,1,0,1,1,1,1,0,0,1,1,1,0,1,0,1,1,1,1,1,0,1,1,0,0,1,1,0,NA,NA,0,0,1,1,1,0,0,0,0,NA,0,1,0,1,1,0,0,0,1,1,0,1,0,0,1,0,NA,1,0,1,1,1,0,1,0,0,1,0,0,0,1,0,0,0,0,0,0,0,1,0,0,0,0,1,0,0,NA,0,0,NA,NA,0,0,1,0,1,1,0,1,0,1,1,0,1,1,1,1,0,1,0,1,NA,1,1,1,1,0,1,1,0,1,1,0,0,1,0,0,NA,0,1,0,NA,0,1,0,1,1,0,1,0,0,0,0,0,0,1,0,1,1,1,1,1,NA,0,1,NA,1,0,1,NA,1,1,1,1,1,1,0,0,1,1,1,1,0,0,0,1,1,1,1,1,0,1,NA,1,NA,0,1,0,1,1,NA,0,1,0,1,1,1,1,1,1,1,1,0,1,0,1,1,1,1,1,0,1,1,0,1,0,1,1,1,NA,1,0,0,1,1,1,0,1,0,NA,1,1,NA,NA,NA,1,1,0,0,0,1,NA,NA,0,0,0,0,NA,NA,NA,NA,0,0,0,0,1,1,1,0,0,1,1,0,1,0,0,0,0,0,NA,NA,NA,NA,0,0,0
"UPSON (D TX-6)",1,1,1,NA,NA,1,0,0,0,0,NA,1,0,NA,1,1,1,NA,0,1,0,1,1,0,1,1,1,0,0,1,1,1,1,NA,0,0,0,0,1,0,1,0,1,0,0,1,0,1,0,1,1,0,1,1,0,NA,1,0,1,1,1,1,1,0,0,1,1,1,NA,0,NA,0,1,1,1,0,1,1,1,1,0,0,1,0,1,0,1,NA,NA,0,1,0,NA,1,NA,0,0,NA,NA,1,1,0,1,0,0,1,1,NA,NA,NA,NA,NA,NA,NA,NA,NA,NA,1,NA,NA,NA,NA,1,0,NA,0,NA,NA,NA,NA,NA,NA,NA,NA,NA,1,NA,NA,NA,NA,NA,NA,NA,NA,NA,NA,NA,NA,NA,NA,NA,1,NA,NA,NA,NA,NA,NA,NA,NA,NA,NA,NA,NA,NA,NA,NA,NA,NA,NA,NA,NA,1,NA,NA,1,NA,NA,0,NA,NA,NA,1,NA,NA,NA,NA,NA,0,1,0,NA,1,0,1,0,0,1,NA,1,1,0,1,NA,0,1,0,0,NA,1,0,0,NA,NA,NA,NA,NA,NA,NA,NA,NA,NA,NA,NA,1,NA,1,1,1,0,0,1,0,0,0,1,1,1,1,0,0,1,0,1,1,0,0,0,1,1,1,1,1,1,1,1,1,1,0,0,0,1,0,0,NA,1,0,0,1,0,1,0,1,1,1,0,1,0,1,NA,NA,1,0,1,1,1,0,1,NA,1,0,1,NA,0,0,0,1,1,0,0,0,0,0,1,1,1,1,0,1,1,0,NA,0,1,1,0,0,0,NA,0,0,0,0,NA,NA,0,0,0,1,1,1,NA,0,0,0,NA,1,0,0,NA,NA,NA,NA,NA,NA,NA,NA,NA,NA
"JOYCE (R VT-1)",1,1,0,0,1,0,0,1,0,1,1,1,0,1,1,0,0,0,1,1,0,1,0,1,0,NA,1,1,1,NA,0,1,0,1,1,0,0,0,NA,1,NA,NA,NA,NA,0,0,1,NA,1,NA,1,NA,1,0,1,0,1,1,NA,NA,NA,0,0,1,NA,NA,NA,NA,NA,NA,NA,1,0,0,0,1,1,NA,NA,0,1,1,0,1,0,NA,NA,1,1,1,0,1,1,0,1,1,1,NA,NA,NA,NA,0,1,NA,NA,NA,NA,1,NA,NA,NA,NA,NA,NA,NA,NA,NA,NA,NA,NA,NA,NA,NA,NA,NA,NA,NA,NA,NA,NA,NA,NA,NA,NA,1,NA,1,0,0,1,0,0,0,0,0,0,0,0,0,0,0,NA,NA,0,0,0,1,0,0,0,0,0,0,1,1,0,1,0,1,1,0,1,0,1,NA,0,1,1,1,1,1,1,0,1,1,0,0,1,0,0,1,0,0,1,0,1,0,1,0,0,0,1,NA,NA,NA,NA,NA,NA,NA,NA,NA,NA,NA,NA,NA,NA,NA,NA,NA,NA,NA,NA,NA,NA,NA,NA,NA,NA,NA,NA,NA,NA,NA,NA,NA,NA,NA,NA,NA,NA,NA,NA,NA,NA,NA,NA,NA,NA,NA,0,1,NA,NA,NA,NA,0,NA,NA,1,0,0,1,0,NA,1,1,1,1,0,NA,NA,NA,1,0,0,0,0,1,NA,0,0,0,1,0,1,1,1,0,0,0,1,NA,NA,0,1,1,0,0,1,1,1,1,NA,0,NA,NA,0,1,0,1,1,1,0,1,1,NA,1,1,0,1,1,1,1,1,1,1,1,1,0,0,NA,NA,NA,1,1,1,0,1,1,1,1,1,NA,1,NA,NA,NA,0,1
"TYLER (R VT-2)",1,1,0,0,NA,0,1,1,1,1,1,1,1,1,1,NA,0,0,NA,1,0,1,NA,1,1,1,NA,1,1,0,0,1,0,1,1,0,0,0,0,NA,1,NA,NA,NA,NA,0,1,1,1,NA,NA,1,NA,0,1,0,1,1,0,0,NA,0,0,1,1,1,0,0,1,1,1,1,0,0,NA,1,1,NA,NA,NA,1,1,1,1,0,1,0,1,1,1,0,1,1,0,1,1,1,0,NA,NA,NA,NA,1,0,0,NA,1,1,1,1,1,1,0,0,0,0,0,0,0,1,1,0,0,0,0,1,0,0,1,1,1,0,1,1,1,0,NA,0,0,1,0,0,NA,0,0,0,0,0,0,0,0,NA,0,NA,0,0,1,0,0,0,0,0,0,1,1,0,1,0,1,1,0,1,0,1,1,0,1,1,1,1,1,1,0,1,1,0,0,1,NA,NA,NA,NA,0,1,0,0,NA,NA,0,0,0,1,1,1,1,0,1,1,NA,0,1,1,1,1,1,1,0,1,1,1,1,1,1,1,0,1,1,0,0,1,1,0,1,0,NA,1,0,0,1,0,NA,0,1,0,0,1,1,1,1,NA,NA,1,0,0,0,0,1,NA,0,1,0,1,1,1,1,1,NA,1,0,1,0,1,NA,0,0,NA,0,1,0,0,0,0,1,0,1,1,1,0,0,0,1,1,NA,0,0,1,0,NA,1,1,NA,1,1,0,0,0,0,1,0,1,1,1,1,0,1,0,1,1,0,1,1,1,1,1,1,1,1,1,NA,NA,0,1,0,1,1,NA,1,1,1,1,1,NA,1,NA,NA,NA,NA,0,1
"GROUT (R VT-3)",1,1,0,0,1,0,1,1,0,0,1,1,0,1,1,1,0,0,NA,1,0,1,0,1,NA,1,1,1,1,NA,0,1,0,1,1,0,0,0,0,NA,1,1,0,1,1,0,1,1,1,NA,1,1,1,0,1,0,1,1,0,0,0,0,0,1,1,1,0,0,1,1,NA,NA,0,0,0,1,1,NA,NA,0,1,1,0,1,0,NA,NA,NA,NA,1,0,1,1,0,1,1,1,1,1,NA,0,0,1,0,0,1,NA,1,1,1,1,1,NA,NA,NA,NA,0,0,0,1,1,0,0,0,NA,1,0,0,1,1,1,0,1,1,1,0,1,0,0,1,NA,0,NA,0,0,0,0,NA,0,0,0,0,0,0,0,0,1,0,0,0,0,0,0,1,1,0,1,0,1,1,0,1,0,1,NA,0,1,1,1,1,1,1,0,1,1,0,NA,1,NA,NA,NA,NA,NA,NA,NA,NA,NA,NA,NA,NA,NA,NA,NA,NA,NA,NA,NA,NA,NA,NA,NA,NA,NA,NA,NA,NA,NA,NA,NA,NA,NA,NA,NA,NA,NA,NA,NA,NA,NA,NA,NA,NA,NA,NA,NA,NA,NA,NA,NA,NA,NA,NA,NA,NA,NA,NA,NA,NA,NA,NA,NA,NA,NA,NA,NA,NA,NA,NA,NA,NA,NA,NA,NA,NA,NA,NA,1,1,0,1,0,1,1,0,0,0,0,1,0,0,0,0,1,0,NA,1,1,NA,0,0,1,0,NA,1,0,1,0,0,1,1,NA,1,1,0,0,NA,0,1,NA,1,NA,1,1,0,1,NA,1,1,0,1,1,1,1,1,1,1,1,1,0,0,0,1,0,1,1,1,1,1,1,1,1,1,1,NA,NA,NA,NA,0,1
"GARRISON (D VA-1)",1,1,1,0,NA,0,0,1,0,0,1,1,NA,NA,1,1,1,1,0,0,NA,NA,1,NA,1,0,1,1,0,1,1,0,1,NA,0,1,NA,1,1,1,NA,0,1,0,0,1,1,1,0,1,NA,NA,NA,1,0,1,1,0,1,1,1,1,1,0,1,0,0,0,1,NA,1,0,1,1,1,0,1,1,1,NA,1,1,NA,0,1,0,NA,0,1,0,0,0,1,1,NA,0,NA,NA,NA,1,NA,1,0,1,0,1,1,0,NA,NA,NA,0,1,0,0,0,0,1,1,0,0,NA,1,0,1,0,0,0,1,NA,NA,1,NA,NA,NA,1,NA,NA,NA,NA,NA,NA,NA,NA,NA,NA,NA,NA,NA,NA,NA,1,NA,NA,NA,NA,NA,NA,NA,NA,NA,NA,NA,NA,NA,NA,NA,NA,NA,NA,NA,NA,1,NA,NA,NA,NA,NA,NA,NA,NA,NA,1,NA,0,1,1,NA,NA,NA,NA,1,NA,NA,NA,0,1,NA,1,1,1,NA,1,0,0,NA,NA,NA,NA,1,NA,0,NA,NA,NA,NA,NA,NA,NA,NA,NA,NA,NA,NA,NA,NA,NA,1,1,0,0,1,0,1,1,0,1,1,0,0,1,NA,0,1,1,0,NA,NA,NA,1,1,1,0,0,1,1,1,1,0,1,0,1,1,NA,NA,1,1,NA,0,NA,1,0,1,1,1,1,1,0,1,1,1,1,0,1,1,1,NA,1,1,NA,1,NA,NA,0,0,0,1,NA,0,0,NA,0,0,1,1,NA,NA,NA,1,1,1,0,0,NA,1,0,0,0,1,0,0,0,0,NA,NA,0,0,0,1,1,NA,0,1,0,0,1,1,0,0,NA,NA,NA,NA,NA,NA,NA,NA,NA,NA
"DEZENDORF (R VA-2)",1,1,0,0,1,NA,1,1,0,1,1,0,NA,NA,NA,1,NA,NA,1,1,NA,NA,NA,NA,1,0,NA,NA,NA,0,NA,1,0,1,1,0,0,0,0,NA,1,1,0,NA,1,NA,1,1,1,NA,NA,NA,NA,NA,NA,0,NA,NA,NA,NA,NA,NA,NA,NA,1,1,0,0,1,1,1,0,1,0,0,NA,NA,NA,NA,NA,1,1,1,1,0,0,0,1,1,1,0,1,NA,0,1,1,1,0,1,1,0,0,1,NA,NA,NA,NA,NA,NA,NA,NA,NA,NA,NA,NA,NA,NA,NA,NA,NA,NA,NA,1,NA,NA,NA,NA,NA,NA,1,1,0,1,NA,NA,NA,NA,0,0,1,0,0,0,0,0,0,0,0,0,0,0,0,0,0,0,0,1,0,0,0,0,0,0,1,1,0,1,NA,1,1,0,1,0,1,NA,NA,1,1,1,1,1,1,0,1,1,0,NA,NA,NA,NA,NA,NA,NA,NA,1,NA,NA,NA,NA,NA,0,1,1,1,NA,NA,NA,NA,NA,0,NA,1,1,1,1,1,0,1,1,1,NA,NA,NA,NA,NA,NA,NA,NA,NA,NA,NA,NA,NA,NA,NA,NA,NA,1,1,NA,1,NA,1,NA,NA,NA,1,NA,NA,NA,NA,1,0,0,0,0,1,NA,0,1,0,1,1,1,1,1,NA,1,0,1,0,1,1,0,0,0,0,1,0,0,0,0,1,0,NA,1,1,1,1,NA,1,NA,1,0,1,1,NA,0,1,NA,1,1,1,0,0,0,0,NA,1,NA,1,1,1,1,1,0,1,1,0,1,1,1,1,1,1,1,1,1,1,1,1,1,1,NA,1,1,0,1,1,1,1,1,1,NA,1,1,1,0,1
"WISE (D VA-3)",1,1,1,1,NA,1,0,1,0,0,0,0,1,0,NA,0,1,1,0,NA,1,0,1,0,0,NA,1,0,0,NA,1,0,1,NA,0,1,NA,1,1,0,1,0,1,0,0,1,1,1,0,1,0,NA,1,1,NA,1,1,NA,NA,NA,NA,NA,NA,NA,1,1,0,NA,NA,NA,1,0,1,NA,1,NA,NA,1,1,NA,1,0,1,0,1,0,1,0,0,0,1,0,1,1,0,0,1,1,1,1,1,0,1,1,NA,NA,1,NA,NA,NA,NA,0,1,1,0,1,NA,0,0,0,0,1,1,0,1,NA,NA,NA,NA,NA,NA,1,NA,NA,NA,NA,NA,NA,NA,NA,NA,NA,NA,NA,NA,NA,NA,NA,NA,NA,NA,NA,NA,NA,NA,NA,NA,NA,NA,NA,NA,NA,NA,NA,NA,NA,NA,NA,NA,NA,NA,NA,1,NA,NA,1,NA,NA,0,NA,NA,NA,1,NA,1,1,1,1,1,NA,NA,1,1,0,1,NA,NA,NA,NA,NA,1,NA,NA,NA,0,1,NA,0,NA,1,0,0,NA,NA,NA,NA,NA,NA,NA,NA,NA,NA,NA,NA,NA,NA,0,1,1,NA,NA,NA,NA,NA,NA,0,1,1,0,0,1,1,0,1,1,0,0,NA,0,1,NA,1,1,1,NA,1,NA,1,0,0,0,0,1,1,1,1,NA,0,0,1,1,0,1,NA,1,1,1,0,1,0,1,1,0,1,NA,1,0,1,1,NA,0,1,0,1,0,0,1,NA,0,0,NA,0,0,1,1,1,1,0,1,1,0,1,1,0,0,0,0,0,1,0,0,0,0,NA,NA,0,0,0,1,1,1,0,NA,NA,NA,NA,1,1,0,NA,NA,NA,NA,NA,NA,NA,NA,NA,NA
"JORGENSEN (R VA-4)",1,1,0,NA,NA,NA,1,1,0,1,1,NA,1,1,1,1,0,0,NA,1,0,1,1,1,1,1,NA,NA,NA,NA,NA,NA,NA,NA,1,0,0,0,1,NA,1,NA,NA,NA,NA,1,1,NA,1,NA,NA,NA,NA,NA,1,0,NA,1,0,0,0,0,0,1,1,1,0,0,NA,1,1,1,1,NA,0,1,1,0,0,NA,1,1,1,1,0,0,1,NA,1,1,0,1,NA,0,1,1,NA,NA,NA,NA,NA,0,1,NA,NA,NA,NA,NA,NA,NA,NA,1,0,1,0,0,0,NA,0,1,1,NA,NA,0,0,NA,NA,NA,NA,1,NA,0,1,1,1,NA,1,0,0,1,0,0,0,0,0,0,0,0,NA,NA,0,0,0,0,0,0,1,0,NA,0,0,0,0,NA,1,0,1,0,1,1,0,1,0,1,NA,NA,1,1,NA,1,1,1,NA,NA,NA,NA,NA,NA,0,0,1,NA,0,1,1,NA,NA,NA,NA,0,NA,0,1,1,NA,NA,1,NA,1,NA,NA,NA,1,NA,1,1,0,1,1,1,1,1,1,1,0,1,NA,NA,NA,NA,NA,NA,NA,NA,NA,NA,NA,NA,NA,NA,NA,NA,NA,NA,NA,NA,NA,NA,NA,1,1,NA,0,NA,0,0,NA,1,NA,NA,NA,NA,NA,1,NA,NA,1,NA,0,1,0,1,1,NA,0,0,0,1,0,0,0,0,0,0,NA,NA,NA,1,1,NA,NA,NA,NA,0,1,1,1,0,1,1,1,1,1,0,0,0,NA,NA,0,1,NA,1,1,1,1,0,1,0,0,1,1,1,1,1,1,1,1,1,NA,0,1,NA,1,1,1,1,0,1,1,1,1,1,1,1,NA,NA,NA,0,NA
"CABELL (D VA-5)",1,1,1,1,0,NA,NA,1,1,1,1,1,NA,NA,1,0,1,1,NA,1,1,0,1,NA,NA,NA,1,NA,NA,1,1,0,1,1,0,1,1,1,1,0,NA,0,1,0,0,1,1,1,0,NA,1,0,NA,NA,0,1,1,0,1,1,1,1,1,0,NA,0,1,1,NA,0,NA,0,1,NA,NA,NA,NA,NA,NA,NA,0,0,1,0,1,NA,NA,0,0,0,1,0,NA,1,0,0,0,0,1,1,1,NA,0,1,0,1,NA,NA,NA,NA,NA,0,1,0,NA,1,NA,NA,1,0,0,1,1,0,1,0,1,1,0,NA,NA,1,NA,NA,NA,1,NA,NA,NA,NA,NA,NA,NA,NA,NA,NA,NA,NA,NA,NA,NA,1,NA,NA,NA,NA,NA,NA,NA,NA,NA,NA,NA,NA,NA,NA,NA,NA,NA,NA,NA,NA,1,NA,NA,1,NA,NA,0,NA,NA,NA,NA,NA,NA,NA,NA,NA,NA,NA,NA,NA,NA,0,NA,NA,NA,NA,NA,1,1,0,NA,NA,NA,1,0,NA,NA,1,0,NA,NA,NA,NA,NA,NA,NA,NA,NA,NA,NA,NA,NA,1,NA,NA,1,NA,0,0,1,0,0,NA,0,1,NA,0,0,0,1,0,1,1,0,0,NA,NA,1,1,1,1,1,1,1,1,1,0,1,1,1,1,NA,0,1,NA,0,1,NA,NA,NA,1,1,1,NA,NA,0,1,1,1,1,1,1,NA,1,0,1,1,1,0,1,0,1,0,0,1,1,0,1,0,0,0,1,1,1,1,0,NA,NA,0,1,1,NA,NA,NA,NA,NA,NA,NA,NA,NA,NA,NA,NA,NA,NA,NA,NA,1,NA,0,0,NA,NA,NA,1,0,NA,NA,NA,NA,NA,NA,NA,NA,NA,NA,NA
"TUCKER (D VA-6)",1,1,1,NA,NA,NA,NA,NA,NA,NA,NA,1,1,1,1,NA,NA,NA,NA,NA,1,0,1,0,1,NA,NA,1,0,NA,1,0,1,NA,NA,1,1,1,1,0,1,NA,NA,NA,0,1,NA,1,NA,NA,1,NA,1,1,0,1,1,0,1,1,NA,1,1,0,0,1,0,0,1,0,1,0,1,1,0,0,1,NA,1,1,0,0,1,0,1,0,1,NA,NA,0,NA,0,1,1,0,0,0,0,1,1,1,1,0,NA,NA,NA,NA,0,NA,NA,NA,NA,NA,NA,NA,NA,1,1,NA,0,0,1,1,0,1,NA,1,NA,NA,NA,NA,NA,NA,NA,NA,NA,NA,NA,NA,NA,NA,NA,NA,NA,NA,NA,NA,NA,NA,NA,NA,NA,NA,NA,NA,NA,NA,NA,NA,NA,NA,NA,NA,NA,NA,NA,NA,NA,NA,NA,NA,NA,1,NA,NA,1,NA,NA,0,NA,NA,NA,NA,NA,NA,NA,NA,NA,NA,NA,NA,NA,NA,NA,NA,NA,NA,NA,NA,NA,1,0,NA,0,0,1,0,0,NA,1,0,NA,NA,NA,NA,NA,NA,NA,NA,NA,NA,NA,NA,NA,NA,NA,NA,1,1,0,0,1,0,0,0,NA,NA,NA,NA,NA,0,NA,0,1,NA,1,NA,0,0,1,NA,1,1,1,1,1,1,1,NA,NA,NA,1,NA,NA,0,1,NA,NA,NA,NA,1,1,NA,NA,1,1,1,0,1,1,NA,1,0,1,NA,NA,NA,1,1,1,0,1,NA,NA,0,0,1,1,0,0,NA,0,0,1,1,1,1,0,1,0,1,1,1,0,NA,1,0,1,1,0,0,0,0,NA,NA,0,0,0,NA,1,NA,0,NA,0,0,NA,1,0,0,NA,NA,NA,0,NA,NA,NA,NA,NA,NA
"PAUL (Readjuster Democrat  VA-7)",1,1,0,0,NA,NA,NA,NA,0,NA,1,0,1,1,1,1,0,0,NA,1,NA,NA,1,NA,1,1,NA,NA,NA,0,1,1,0,1,1,0,0,0,NA,NA,NA,NA,NA,NA,1,NA,NA,1,NA,NA,NA,NA,NA,NA,1,0,NA,1,1,NA,NA,0,0,NA,1,1,1,NA,0,1,1,0,1,NA,NA,0,1,NA,NA,0,0,1,1,1,0,0,1,0,1,1,1,1,1,0,1,1,0,NA,NA,1,NA,NA,NA,NA,NA,1,1,NA,NA,NA,NA,0,1,1,1,0,1,1,1,1,1,1,1,0,1,NA,NA,NA,NA,NA,NA,0,1,NA,1,0,1,0,0,1,0,0,0,0,0,0,0,0,0,0,0,0,0,0,0,0,1,0,0,0,0,0,0,1,1,0,1,0,1,1,0,1,0,1,1,0,1,1,1,1,0,1,0,1,1,NA,NA,NA,NA,NA,NA,NA,1,1,1,1,NA,1,1,0,NA,NA,1,1,1,NA,NA,0,1,0,NA,NA,NA,1,1,1,0,1,1,1,1,1,1,1,0,1,1,NA,NA,NA,NA,NA,NA,NA,NA,NA,NA,NA,NA,NA,NA,NA,NA,NA,NA,NA,NA,NA,NA,1,1,NA,NA,NA,NA,NA,NA,NA,NA,1,0,1,1,1,NA,NA,NA,NA,NA,1,NA,NA,1,NA,1,0,0,1,0,0,NA,NA,NA,NA,NA,NA,NA,NA,NA,NA,1,1,1,NA,NA,NA,NA,NA,NA,NA,1,1,1,0,0,NA,NA,NA,1,NA,NA,NA,NA,NA,NA,NA,NA,NA,NA,NA,NA,NA,NA,NA,1,1,1,1,1,1,1,0,1,1,1,1,1,NA,NA,NA,NA,NA,NA,NA,NA,NA,NA,NA,NA
"BARBOUR (D VA-8)",1,1,NA,1,NA,NA,0,1,NA,0,NA,NA,1,1,1,1,NA,NA,NA,NA,NA,NA,NA,0,1,1,NA,NA,0,1,1,0,1,NA,0,NA,1,1,1,NA,NA,NA,NA,NA,NA,0,NA,1,NA,NA,NA,NA,NA,1,NA,NA,NA,1,NA,NA,0,NA,NA,NA,NA,NA,NA,NA,NA,NA,NA,NA,NA,1,NA,NA,NA,NA,1,1,NA,NA,NA,0,1,0,1,0,0,NA,NA,0,1,1,0,0,1,1,1,NA,1,0,1,1,NA,NA,NA,NA,NA,NA,NA,NA,NA,NA,NA,NA,NA,0,0,NA,NA,1,NA,0,NA,NA,NA,NA,1,NA,NA,NA,NA,NA,NA,1,NA,NA,NA,NA,NA,NA,NA,NA,NA,NA,NA,NA,NA,NA,NA,NA,NA,NA,NA,NA,NA,NA,NA,NA,NA,NA,NA,NA,NA,NA,NA,NA,NA,NA,NA,NA,1,NA,NA,NA,NA,NA,NA,NA,NA,NA,NA,NA,NA,NA,NA,NA,NA,1,0,1,1,1,NA,NA,1,0,NA,NA,NA,NA,1,NA,NA,1,NA,NA,NA,NA,NA,0,NA,NA,NA,NA,NA,NA,NA,NA,NA,NA,NA,NA,1,NA,1,NA,NA,0,0,1,NA,1,1,0,1,1,0,NA,NA,NA,NA,1,NA,NA,0,NA,NA,NA,NA,NA,1,1,1,1,1,1,0,1,1,NA,NA,NA,NA,NA,NA,NA,NA,NA,NA,NA,1,1,1,1,1,NA,NA,1,1,NA,0,1,NA,NA,NA,1,NA,1,NA,NA,NA,NA,NA,1,1,1,0,1,1,0,0,NA,1,1,1,NA,1,1,0,1,0,0,1,NA,NA,NA,1,0,NA,0,0,NA,NA,NA,0,0,NA,1,NA,0,1,0,0,0,1,0,0,NA,NA,NA,NA,NA,NA,NA,NA,NA,NA
"FULKERSON (Readjuster Democrat  VA-9)",1,1,0,1,NA,1,NA,0,0,1,NA,0,1,NA,NA,1,1,0,0,1,NA,NA,1,0,1,1,NA,1,0,NA,1,1,0,NA,1,0,1,0,NA,NA,1,0,1,NA,0,1,1,NA,0,NA,NA,0,1,1,NA,1,1,NA,1,1,NA,0,0,NA,0,1,1,NA,NA,NA,1,0,1,NA,NA,0,1,1,1,1,0,NA,1,1,1,0,1,0,0,NA,NA,NA,NA,0,NA,NA,NA,NA,NA,1,1,NA,1,NA,NA,NA,NA,1,NA,NA,NA,0,1,0,0,1,1,1,1,0,0,1,1,0,1,NA,NA,NA,NA,NA,NA,1,NA,NA,NA,1,NA,NA,0,NA,NA,NA,0,1,NA,0,0,NA,0,NA,NA,1,0,0,NA,1,NA,0,NA,0,0,NA,NA,1,NA,0,NA,0,1,NA,1,NA,1,1,NA,1,1,NA,NA,1,0,1,1,1,1,1,0,NA,NA,1,1,1,1,1,1,NA,1,NA,1,1,1,0,1,1,1,1,0,0,1,NA,NA,NA,1,1,1,NA,NA,1,NA,NA,1,1,1,NA,1,NA,0,1,NA,0,0,1,NA,1,1,0,1,1,1,0,NA,1,0,1,1,NA,NA,NA,NA,1,1,1,1,1,1,1,1,1,0,1,NA,1,1,1,1,1,NA,NA,NA,NA,NA,NA,NA,NA,NA,NA,NA,NA,NA,NA,NA,NA,NA,NA,NA,NA,NA,1,NA,1,1,1,0,0,0,0,1,NA,0,0,0,0,0,1,NA,1,1,NA,1,1,0,1,1,0,1,0,0,0,1,0,0,0,0,NA,NA,NA,0,0,NA,NA,1,0,0,0,0,NA,1,1,0,NA,NA,NA,NA,NA,NA,NA,NA,NA,NA
"WILSON (D WV-1)",1,1,1,1,1,0,0,1,0,0,0,1,0,1,NA,0,1,1,1,0,0,NA,NA,0,0,1,1,1,0,1,0,0,1,NA,0,1,1,1,1,NA,1,0,1,0,0,1,1,1,0,1,1,1,NA,NA,0,1,NA,1,1,1,1,0,0,1,0,1,0,0,1,NA,1,1,1,0,0,0,1,1,1,1,1,0,1,NA,NA,NA,NA,0,0,NA,NA,0,1,NA,NA,NA,1,0,1,1,1,0,1,NA,1,NA,NA,NA,NA,NA,NA,NA,NA,NA,NA,NA,1,1,1,0,0,1,1,0,1,0,1,1,0,NA,NA,1,NA,NA,NA,1,NA,NA,NA,NA,NA,NA,NA,NA,NA,NA,NA,NA,NA,NA,NA,1,NA,NA,NA,NA,NA,NA,NA,NA,NA,NA,NA,NA,NA,NA,NA,NA,NA,NA,NA,NA,NA,0,NA,1,NA,NA,0,NA,NA,NA,NA,NA,NA,0,1,1,NA,NA,NA,1,1,1,0,0,0,1,1,0,0,1,1,1,1,NA,1,0,1,NA,0,0,NA,NA,NA,NA,NA,NA,NA,NA,NA,NA,NA,NA,1,NA,NA,NA,NA,NA,NA,0,NA,NA,0,NA,0,NA,NA,NA,1,NA,1,1,NA,NA,0,1,NA,NA,1,1,0,0,0,0,1,NA,0,1,0,NA,1,1,1,1,1,NA,NA,1,1,1,1,1,NA,1,0,1,0,0,1,0,NA,0,1,1,1,1,1,NA,NA,NA,NA,NA,NA,NA,NA,NA,0,0,1,NA,1,NA,NA,1,NA,NA,NA,NA,1,1,1,1,1,NA,1,0,0,NA,NA,0,0,0,0,0,0,1,NA,0,NA,0,1,0,0,1,NA,1,0,0,NA,NA,NA,NA,NA,NA,NA,1,NA
"HOGE (D WV-2)",1,1,1,1,NA,1,0,0,0,NA,0,1,0,NA,1,0,NA,NA,NA,NA,NA,NA,1,0,1,NA,1,1,0,1,1,0,1,NA,0,1,1,1,1,0,NA,NA,NA,NA,0,NA,NA,1,NA,1,NA,NA,NA,NA,NA,NA,1,0,1,1,1,1,0,1,0,1,NA,NA,NA,NA,NA,0,1,1,1,0,1,NA,NA,1,0,0,1,0,1,NA,NA,NA,NA,NA,NA,NA,NA,NA,NA,NA,NA,NA,NA,1,1,0,1,1,1,1,NA,0,1,NA,NA,0,NA,0,0,1,NA,1,1,0,0,1,1,0,1,0,1,NA,0,NA,NA,1,NA,NA,NA,1,NA,NA,NA,NA,NA,NA,NA,NA,NA,NA,NA,NA,NA,NA,NA,1,NA,NA,NA,NA,NA,NA,NA,NA,NA,NA,NA,NA,NA,NA,NA,NA,NA,NA,NA,NA,NA,NA,NA,1,NA,NA,0,NA,NA,NA,1,NA,0,1,1,0,NA,NA,NA,1,1,0,1,0,NA,1,1,NA,NA,NA,NA,NA,NA,1,NA,0,1,1,0,0,NA,NA,NA,NA,NA,NA,NA,NA,NA,NA,NA,NA,1,NA,NA,NA,NA,NA,NA,NA,NA,NA,NA,0,1,1,0,NA,NA,1,NA,1,NA,1,NA,NA,NA,1,NA,1,NA,NA,NA,NA,NA,NA,NA,0,NA,NA,1,NA,NA,NA,NA,0,0,NA,1,0,NA,NA,1,1,1,0,1,NA,NA,1,0,1,NA,NA,NA,NA,1,1,NA,NA,NA,NA,NA,NA,NA,NA,0,1,1,0,0,1,1,NA,1,NA,1,1,0,1,1,NA,1,0,0,0,1,0,NA,0,0,NA,NA,0,0,0,1,1,1,NA,1,0,0,NA,1,0,0,NA,NA,NA,0,NA,NA,NA,NA,NA,NA
"KENNA (D WV-3)",1,1,1,1,0,NA,NA,0,0,0,0,0,NA,NA,1,0,1,NA,NA,NA,NA,NA,0,0,0,1,NA,1,0,1,1,0,1,NA,0,1,1,1,1,NA,NA,NA,NA,NA,0,NA,NA,1,0,NA,NA,NA,1,1,0,1,1,0,1,1,1,1,1,0,0,1,1,NA,1,0,1,0,1,NA,NA,NA,NA,NA,NA,NA,0,0,1,0,1,0,1,0,0,0,1,0,1,1,0,0,0,1,1,1,1,0,1,1,1,1,NA,0,NA,NA,NA,0,1,0,0,1,1,1,1,0,0,1,1,0,1,0,1,1,0,NA,NA,1,NA,NA,NA,1,NA,NA,NA,NA,NA,NA,NA,NA,NA,NA,NA,NA,NA,NA,NA,1,NA,NA,NA,NA,NA,NA,NA,NA,NA,NA,NA,NA,NA,NA,NA,NA,NA,NA,NA,NA,1,NA,NA,1,NA,NA,0,NA,NA,NA,1,NA,0,1,1,0,NA,NA,NA,0,1,NA,1,0,0,1,NA,NA,1,0,1,NA,NA,NA,0,0,0,NA,NA,0,NA,NA,NA,NA,NA,NA,NA,NA,NA,NA,NA,NA,NA,NA,0,1,1,0,0,1,0,1,1,0,1,1,0,NA,NA,1,NA,1,1,1,NA,NA,NA,1,1,1,1,1,1,1,1,1,0,1,0,NA,1,1,0,NA,NA,0,1,1,1,0,NA,1,NA,NA,NA,NA,NA,NA,NA,NA,NA,NA,NA,NA,NA,NA,NA,NA,NA,NA,NA,0,0,0,1,NA,0,0,0,0,0,1,1,1,NA,0,NA,NA,0,1,1,1,1,0,0,0,1,0,0,0,0,NA,NA,0,0,0,1,1,1,0,NA,0,0,0,1,0,0,NA,NA,NA,NA,NA,NA,NA,NA,NA,NA
"WILLIAMS (R WI-1)",1,1,0,0,1,0,1,1,0,0,1,0,1,1,1,NA,NA,0,NA,1,0,1,0,1,1,1,NA,1,1,0,0,1,0,1,1,0,0,0,1,NA,1,0,NA,NA,1,0,1,1,1,NA,NA,1,1,NA,1,0,1,1,0,0,0,0,0,1,NA,1,0,0,1,1,1,1,0,0,0,1,1,NA,NA,NA,1,1,0,1,0,NA,NA,NA,NA,1,1,1,1,0,1,1,1,NA,NA,NA,0,0,1,0,0,1,1,1,1,1,1,NA,1,0,NA,0,0,0,0,1,1,0,NA,0,0,1,0,0,1,1,1,NA,NA,NA,1,NA,1,0,0,1,0,0,0,0,0,0,0,0,0,0,0,NA,0,0,0,0,1,0,0,0,0,0,0,1,1,0,1,0,1,1,0,1,0,1,1,0,1,1,1,1,1,1,0,1,1,0,1,1,0,0,1,0,0,1,1,1,1,1,0,NA,NA,NA,NA,1,NA,0,1,1,1,0,1,1,1,1,1,1,0,1,1,1,1,1,1,1,0,1,NA,NA,NA,1,NA,0,1,NA,NA,NA,NA,1,NA,NA,0,NA,1,1,0,1,NA,NA,NA,NA,1,1,0,0,0,0,1,NA,0,1,1,0,1,NA,NA,NA,NA,1,0,1,0,1,1,NA,0,0,0,1,0,0,0,0,1,0,1,1,1,0,0,1,NA,0,NA,NA,NA,NA,0,0,1,1,1,NA,1,NA,NA,0,0,1,0,1,1,NA,1,0,1,NA,NA,1,0,1,1,1,1,1,1,NA,1,1,0,0,NA,1,0,1,1,NA,NA,1,1,1,1,NA,1,1,1,1,1,0,1
"CASWELL (R WI-2)",1,1,0,0,NA,0,NA,1,0,NA,1,0,NA,NA,1,1,0,0,NA,1,0,NA,NA,1,1,1,NA,1,1,NA,NA,1,0,NA,1,0,0,0,0,NA,1,1,NA,1,1,0,NA,NA,NA,NA,NA,NA,NA,NA,NA,NA,NA,NA,NA,NA,NA,0,0,1,1,1,0,0,1,1,1,1,1,0,0,1,1,NA,NA,1,1,1,1,1,0,1,0,1,1,1,0,1,1,0,1,1,NA,NA,NA,NA,NA,NA,NA,NA,NA,NA,NA,1,1,1,1,1,1,NA,NA,NA,0,0,0,1,1,0,0,1,0,1,0,0,1,1,1,0,1,1,1,0,1,0,0,1,0,0,NA,0,0,0,0,0,0,0,0,0,0,0,0,NA,1,0,0,0,0,0,NA,1,1,0,1,0,1,1,0,1,NA,NA,1,0,1,1,1,1,1,1,0,1,1,0,0,1,0,0,1,0,0,1,1,1,0,1,0,0,0,1,NA,1,1,NA,1,1,1,0,1,1,1,1,1,1,0,1,1,1,1,1,1,1,0,1,1,0,0,1,1,0,1,1,1,1,1,1,1,NA,NA,NA,NA,NA,NA,NA,NA,NA,NA,NA,1,1,NA,NA,NA,0,1,1,1,0,0,0,1,1,NA,NA,NA,NA,0,1,0,1,1,NA,NA,0,0,1,0,0,0,1,NA,0,1,1,1,0,0,NA,1,0,1,0,1,1,0,0,1,1,1,1,1,0,0,0,NA,NA,0,1,NA,NA,0,0,1,1,1,NA,0,1,1,1,1,1,1,1,1,1,1,0,0,1,NA,NA,1,1,NA,1,1,1,1,1,NA,1,1,NA,NA,NA,1
"HAZELTON (R WI-3)",1,1,0,0,1,NA,NA,0,0,0,1,0,1,1,NA,NA,0,0,NA,0,1,0,1,1,1,NA,0,1,1,0,0,1,0,1,NA,NA,NA,NA,NA,NA,NA,0,NA,0,1,NA,NA,NA,NA,NA,0,1,NA,0,1,NA,1,1,NA,NA,NA,0,0,1,NA,NA,NA,NA,NA,NA,1,0,1,0,NA,1,1,1,1,NA,1,1,1,1,0,1,0,NA,NA,1,0,1,1,0,1,1,NA,NA,NA,NA,NA,0,1,1,0,1,NA,1,NA,NA,NA,0,1,0,1,0,0,0,0,1,1,0,0,1,NA,NA,NA,NA,NA,1,NA,NA,1,NA,1,0,1,0,0,1,0,0,0,0,0,0,0,0,NA,NA,0,0,0,0,0,0,1,0,NA,0,0,0,0,NA,1,0,1,0,1,1,0,1,0,1,1,0,1,1,1,1,1,1,0,1,NA,NA,NA,1,0,0,1,NA,NA,NA,1,NA,NA,1,NA,0,0,0,1,1,0,0,1,1,1,NA,NA,1,1,1,1,1,0,1,1,1,1,1,1,1,0,1,NA,NA,0,1,NA,0,1,1,NA,1,1,1,NA,NA,1,0,NA,1,NA,NA,NA,NA,1,NA,1,NA,NA,NA,NA,NA,NA,1,1,0,1,1,1,NA,1,1,1,1,NA,NA,NA,NA,1,0,NA,0,0,1,0,0,0,1,NA,NA,NA,NA,NA,0,0,NA,1,0,NA,0,1,1,0,NA,1,1,1,1,1,NA,NA,NA,0,1,0,1,1,1,1,0,NA,1,NA,1,0,NA,1,1,1,1,1,1,1,1,1,1,1,1,1,1,1,1,1,1,1,1,1,1,NA,NA,NA,NA,NA,0,NA
"DEUSTER (D WI-4)",NA,NA,NA,NA,NA,NA,0,1,NA,NA,NA,NA,0,1,1,0,1,1,0,1,1,1,0,0,NA,NA,NA,NA,0,NA,1,1,NA,NA,0,0,0,0,1,0,1,NA,NA,NA,0,1,NA,1,0,1,0,NA,1,1,1,NA,1,0,NA,NA,NA,NA,0,1,0,0,0,1,NA,NA,0,NA,1,NA,1,0,NA,NA,NA,NA,NA,0,1,0,1,1,0,NA,NA,0,1,0,1,NA,NA,NA,1,NA,NA,1,1,1,0,1,1,0,NA,NA,NA,NA,NA,0,1,0,0,1,0,1,0,0,0,1,NA,0,1,NA,NA,0,1,NA,NA,NA,NA,NA,NA,NA,NA,NA,NA,NA,NA,NA,NA,NA,NA,NA,NA,NA,NA,NA,NA,NA,NA,NA,NA,NA,NA,NA,NA,NA,NA,NA,NA,NA,NA,NA,NA,NA,NA,NA,NA,NA,1,NA,NA,1,NA,NA,NA,NA,NA,NA,1,NA,1,1,NA,NA,NA,1,0,1,NA,NA,0,0,0,1,1,1,NA,1,NA,NA,NA,NA,0,NA,0,1,0,NA,NA,NA,NA,NA,NA,NA,NA,NA,NA,NA,NA,NA,1,NA,NA,NA,NA,NA,NA,NA,NA,NA,NA,NA,NA,NA,NA,1,NA,NA,1,1,1,NA,0,0,NA,0,1,1,1,1,1,1,1,1,0,0,1,1,0,1,1,1,NA,0,1,NA,1,1,NA,1,1,1,1,0,1,1,1,1,NA,NA,NA,NA,NA,NA,0,NA,0,NA,1,NA,NA,NA,0,NA,1,0,NA,NA,0,NA,NA,1,0,0,1,0,0,0,0,NA,0,NA,0,0,NA,0,NA,NA,NA,NA,NA,0,0,0,NA,NA,NA,0,NA,NA,0,NA,1,0,0,NA,NA,NA,NA,0,1,NA,1,1,NA
"BRAGG (D WI-5)",1,1,1,NA,NA,NA,NA,1,NA,NA,NA,NA,NA,NA,NA,NA,NA,NA,NA,NA,NA,NA,1,0,1,1,NA,0,0,0,1,1,1,NA,0,0,0,0,1,0,NA,0,1,0,0,1,1,1,0,NA,0,0,NA,NA,NA,NA,NA,NA,NA,NA,NA,NA,NA,NA,0,0,1,1,NA,0,1,1,0,0,1,0,0,1,1,1,NA,NA,0,0,1,1,0,0,0,0,1,0,NA,1,NA,NA,1,1,NA,NA,NA,1,0,NA,NA,NA,NA,NA,NA,NA,NA,NA,NA,NA,NA,NA,NA,NA,NA,NA,NA,NA,NA,NA,NA,NA,NA,NA,NA,NA,NA,NA,NA,NA,NA,NA,NA,NA,NA,NA,NA,NA,NA,NA,NA,NA,NA,NA,NA,NA,NA,NA,NA,NA,NA,NA,NA,NA,NA,NA,NA,NA,NA,NA,NA,NA,NA,NA,NA,NA,NA,NA,NA,NA,NA,NA,NA,NA,NA,NA,NA,NA,1,NA,NA,NA,1,0,NA,NA,NA,NA,NA,NA,NA,NA,NA,NA,1,1,NA,NA,0,NA,0,1,0,NA,1,1,0,NA,NA,NA,NA,NA,NA,NA,NA,NA,NA,NA,NA,NA,NA,NA,NA,NA,NA,NA,NA,NA,NA,NA,NA,NA,NA,NA,NA,NA,NA,NA,NA,NA,NA,NA,NA,NA,NA,NA,NA,NA,NA,NA,NA,NA,NA,NA,NA,NA,NA,NA,NA,NA,NA,NA,NA,NA,1,NA,1,1,1,1,1,1,1,0,1,1,1,1,0,1,1,1,0,0,0,1,0,0,1,1,1,0,0,NA,NA,0,0,0,0,NA,NA,NA,0,0,1,NA,0,0,0,NA,NA,NA,0,0,0,0,0,0,0,NA,NA,0,0,0,0,0,0,NA,0,0,0,0,1,0,0,NA,NA,NA,0,NA,NA,NA,NA,NA,NA
"GUENTHER (R WI-6)",1,1,0,0,1,NA,1,1,NA,1,NA,0,NA,1,1,1,0,0,NA,1,0,1,0,0,0,1,NA,1,1,0,0,1,0,1,1,0,0,0,0,1,1,NA,NA,NA,0,1,NA,1,NA,1,1,1,1,0,1,NA,1,1,NA,NA,NA,0,0,1,NA,1,0,0,NA,1,1,NA,1,0,1,1,1,0,NA,NA,1,1,1,1,0,NA,NA,1,1,1,NA,1,1,0,1,1,1,NA,NA,0,0,0,1,0,0,1,1,1,1,1,1,1,1,0,1,0,0,0,0,1,1,0,0,1,0,1,0,0,1,1,1,0,1,1,1,0,1,0,0,1,0,0,0,0,0,0,0,0,0,0,0,0,0,0,0,0,1,0,0,0,0,0,0,1,1,0,1,0,1,1,0,1,0,1,1,0,1,1,1,1,1,1,0,1,1,0,NA,NA,0,0,1,0,0,NA,1,0,1,1,0,0,0,1,NA,NA,NA,0,1,NA,1,0,1,1,1,1,1,1,0,1,1,1,1,1,1,1,0,1,NA,NA,NA,NA,NA,NA,NA,NA,NA,NA,NA,1,NA,0,NA,0,1,1,0,1,1,1,NA,0,1,1,1,NA,1,1,1,1,1,0,1,1,1,1,1,0,NA,1,1,1,0,1,1,0,0,0,1,0,1,0,0,1,0,0,1,1,NA,NA,0,1,1,0,1,0,1,1,0,0,1,1,NA,NA,1,0,0,0,0,1,NA,1,1,NA,0,0,1,NA,0,1,0,1,1,1,NA,1,1,1,1,1,1,1,1,1,NA,1,1,1,1,1,1,NA,1,1,1,NA,NA,NA,1,1,1
"HUMPHREY (R WI-7)",1,1,0,0,1,0,1,NA,0,0,1,0,0,1,1,1,0,0,1,1,1,1,0,1,0,0,1,1,1,1,0,1,0,1,1,0,0,0,0,1,1,0,NA,NA,1,NA,1,NA,0,1,1,1,1,0,1,0,1,1,0,0,0,0,0,1,1,1,0,0,1,1,1,1,0,0,0,1,1,0,0,1,1,1,0,1,0,1,0,1,1,1,1,1,1,0,1,1,1,1,NA,1,0,0,1,0,0,1,1,1,1,1,1,1,1,0,0,0,0,0,0,1,1,0,0,1,0,1,0,0,1,1,1,0,1,1,1,0,1,0,0,1,0,0,0,0,0,0,0,0,NA,NA,0,0,0,0,0,0,1,0,0,NA,0,0,0,1,1,0,1,0,1,1,0,1,0,1,1,0,1,1,1,1,1,1,0,1,1,0,1,0,0,0,1,0,NA,1,1,1,1,1,0,0,0,1,NA,1,1,0,1,NA,NA,NA,NA,NA,NA,NA,NA,NA,NA,NA,NA,NA,NA,NA,NA,NA,NA,NA,NA,NA,NA,NA,NA,NA,NA,NA,NA,NA,NA,NA,NA,NA,NA,NA,NA,NA,NA,NA,NA,NA,NA,0,1,1,0,0,0,0,1,1,0,1,1,1,1,1,NA,1,1,1,0,1,0,1,1,NA,0,0,0,1,0,0,0,0,1,0,NA,1,1,1,0,1,1,NA,NA,1,1,1,0,NA,1,1,1,1,1,0,0,0,0,1,0,1,1,NA,1,0,1,1,1,1,0,1,1,1,1,1,1,1,1,1,1,1,1,1,1,1,1,1,0,1,1,1,NA,1,1,1,1,1,1,0,1
"POUND (R WI-8)",1,1,0,0,1,0,1,1,0,0,1,0,NA,NA,NA,1,NA,NA,NA,0,0,1,1,1,NA,1,0,1,1,NA,0,1,0,1,1,0,0,0,0,NA,NA,NA,NA,NA,1,0,1,1,1,1,NA,1,1,0,1,NA,1,1,0,0,NA,0,0,1,NA,NA,NA,NA,NA,NA,1,1,1,0,NA,1,1,1,1,NA,1,1,1,1,0,0,0,1,NA,1,0,1,1,0,1,1,NA,NA,NA,1,0,0,1,NA,NA,NA,1,NA,NA,NA,NA,NA,NA,NA,NA,NA,0,0,0,0,1,0,0,1,0,1,0,0,1,1,1,0,1,1,1,0,1,0,0,1,0,0,0,0,0,0,0,0,0,0,0,0,0,0,0,0,1,0,0,0,0,0,0,1,1,0,1,0,1,1,0,1,0,1,1,0,1,1,1,1,1,1,0,1,1,0,0,1,0,0,1,NA,NA,1,1,1,1,1,0,0,0,1,NA,NA,NA,NA,NA,1,1,0,0,1,1,1,1,1,0,1,1,1,1,1,1,1,0,1,1,0,0,1,1,0,1,1,1,1,1,1,1,NA,0,0,1,1,NA,NA,1,NA,1,1,NA,1,0,0,NA,0,1,NA,0,1,0,1,1,1,0,1,NA,NA,NA,1,NA,1,NA,0,0,0,0,1,0,NA,NA,NA,NA,NA,1,NA,NA,0,0,0,1,1,1,NA,1,1,0,0,1,0,NA,1,1,0,0,NA,0,1,NA,NA,1,1,1,0,1,1,1,1,0,1,1,1,1,1,1,1,1,1,1,1,1,1,1,1,1,1,NA,1,1,1,NA,1,1,1,1,1,NA,0,1
